YXYX001   29.476233   -95.525383   -0.471
YXYX002   29.476400   -95.524550   -0.489
YXYX003   29.476300   -95.523983   -0.492
YXYX004   29.476517   -95.523683   -0.499
YXYX005   29.476867   -95.523217   -0.482
YXYX006   29.476883   -95.522600   -0.469
YXYX007   29.477100   -95.514933   -0.487
YXYX008   29.477317   -95.522400   -0.458
YXYX009   29.477850   -95.522317   -0.456
YXYX010   29.477767   -95.521633   -0.451
YXYX011   29.477883   -95.521133   -0.455
YXYX012   29.478000   -95.520617   -0.459
YXYX013   29.478217   -95.520117   -0.471
YXYX014   29.478383   -95.518883   -0.475
YXYX015   29.478483   -95.518283   -0.469
YXYX016   29.478200   -95.517467   -0.460
YXYX017   29.478317   -95.516917   -0.461
YXYX018   29.478283   -95.516133   -0.477
YXYX019   29.477517   -95.515917   -0.476
YXYX020   29.476300   -95.514450   -0.473
YXYX021   29.476817   -95.513750   -0.478
YXYX022   29.476717   -95.512883   -0.483
YXYX023   29.475767   -95.509017   -0.460
YXYX024   29.475667   -95.507700   -0.464
YXYX025   29.475000   -95.506883   -0.465
YXYX026   29.474133   -95.506467   -0.468
YXYX027   29.473500   -95.505150   -0.459
YXYX028   29.473917   -95.504583   -0.460
YXYX029   29.474100   -95.503883   -0.458
YXYX030   29.474183   -95.503467   -0.455
YXYX031   29.474317   -95.502950   -0.457
YXYX032   29.474100   -95.502517   -0.461
YXYX033   29.473933   -95.502217   -0.450
YXYX034   29.473817   -95.501717   -0.441
YXYX035   29.474033   -95.501217   -0.420
YXYX036   29.474200   -95.500383   -0.398
YXYX037   29.474283   -95.499500   -0.373
YXYX038   29.474800   -95.498800   -0.358
YXYX039   29.474817   -95.498150   -0.353
YXYX040   29.474983   -95.497850   -0.352
YXYX041   29.475300   -95.497283   -0.355
YXYX042   29.475350   -95.497033   -0.350
YXYX043   29.475871   -95.496564   -0.353
YXYX044   29.476311   -95.496049   -0.359
YXYX045   29.476340   -95.495560   -0.365
YXYX046   29.477050   -95.494183   -0.367
YXYX047   29.477583   -95.493800   -0.371
YXYX048   29.477467   -95.492817   -0.360
YXYX049   29.477900   -95.492383   -0.370
YXYX050   29.478283   -95.491750   -0.369
YXYX051   29.478600   -95.491500   -0.370
YXYX052   29.478800   -95.490861   -0.366
YXYX053   29.478714   -95.490330   -0.376
YXYX054   29.478745   -95.489330   -0.385
YXYX055   29.478300   -95.489150   -0.397
YXYX056   29.478267   -95.488550   -0.406
YXYX057   29.477900   -95.488167   -0.412
YXYX058   29.477767   -95.487417   -0.425
YXYX059   29.477533   -95.486600   -0.409
YXYX060   29.477867   -95.485933   -0.399
YXYX061   29.477633   -95.485417   -0.389
YXYX062   29.477717   -95.484767   -0.359
YXYX063   29.477783   -95.484083   -0.358
YXYX064   29.477817   -95.482783   -0.358
YXYX065   29.477567   -95.481683   -0.361
YXYX066   29.476433   -95.481200   -0.354
YXYX067   29.476867   -95.479850   -0.350
YXYX068   29.477250   -95.479483   -0.351
YXYX069   29.477583   -95.478850   -0.357
YXYX070   29.477783   -95.478133   -0.359
YXYX071   29.477317   -95.477267   -0.369
YXYX072   29.477933   -95.476533   -0.360
YXYX073   29.477917   -95.475900   -0.375
YXYX074   29.477633   -95.475067   -0.397
YXYX075   29.477483   -95.473683   -0.375
YXYX076   29.478117   -95.472600   -0.369
YXYX077   29.562950   -95.133617   -0.376
YXYX078   29.562367   -95.134300   -0.354
YXYX079   29.563583   -95.134233   -0.356
YXYX080   29.562817   -95.132750   -0.369
YXYX081   29.588683   -95.194750   -0.413
YXYX082   29.588983   -95.194383   -0.391
YXYX083   29.588367   -95.194400   -0.400
YXYX084   29.588333   -95.195350   -0.388
YXYX085   29.536533   -95.207850   -0.374
YXYX086   29.536233   -95.208650   -0.374
YXYX087   29.537317   -95.207650   -0.347
YXYX088   29.536700   -95.207133   -0.354
YXYX089   29.634033   -95.359867   -0.750
YXYX090   29.634083   -95.359267   -0.750
YXYX091   29.634367   -95.360267   -0.762
YXYX092   29.633400   -95.360283   -0.767
YXYX093   29.608550   -95.481083   -0.485
YXYX094   29.608233   -95.481550   -0.510
YXYX095   29.608367   -95.480467   -0.493
YXYX096   29.609217   -95.481117   -0.492
YXYX097   29.474783   -95.606517   -0.379
YXYX098   29.474850   -95.605783   -0.359
YXYX099   29.475167   -95.606783   -0.361
YXYX100   29.474317   -95.606767   -0.373
YXYX101   29.393356   -95.466143   -0.371
YXYX102   29.392775   -95.465121   -0.362
YXYX103   29.393730   -95.466464   -0.371
YXYX104   29.393087   -95.466801   -0.372
YXYX105   29.409383   -95.537717   -0.374
YXYX106   29.408967   -95.537333   -0.370
YXYX107   29.409733   -95.537233   -0.347
YXYX108   29.409517   -95.538617   -0.347
YXYX109   29.603383   -95.150717   -0.363
YXYX110   29.602950   -95.151033   -0.354
YXYX111   29.603250   -95.150150   -0.361
YXYX112   29.603733   -95.151250   -0.369
YXYX113   29.359667   -95.573267   -0.378
YXYX114   29.359583   -95.574033   -0.379
YXYX115   29.360283   -95.574433   -0.392
YXYX116   29.358817   -95.574083   -0.357
YXYX117   29.415071   -95.198785   -0.389
YXYX118   29.304612   -95.157545   -0.290
YXYX119   29.294289   -95.244176   -0.361
YXYX120   29.362571   -95.270930   -0.353
YXYX121   29.330686   -95.318963   -0.332
YXYX122   29.370244   -95.394811   -0.335
YXYX123   29.370850   -95.432953   -0.367
YXYX124   29.366334   -95.505165   -0.350
YXYX125   29.395689   -95.540206   -0.356
YXYX126   29.419499   -95.556680   -0.328
YXYX127   29.438642   -95.514669   -0.365
YXYX128   29.503742   -95.178424   -0.379
YXYX129   29.504418   -95.178147   -0.372
YXYX130   29.503444   -95.177978   -0.366
YXYX131   29.503717   -95.178881   -0.369
YXYX132   29.525936   -95.247975   -0.353
YXYX133   29.462124   -95.186976   -0.340
YXYX134   29.462395   -95.186578   -0.355
YXYX135   29.461676   -95.186392   -0.332
YXYX136   29.462050   -95.187723   -0.312
YXYX137   29.486321   -95.233638   -0.354
YXYX138   29.486597   -95.234154   -0.356
YXYX139   29.485891   -95.233265   -0.345
YXYX140   29.486642   -95.233328   -0.340
YXYX141   29.493648   -95.270524   -0.354
YXYX142   29.493864   -95.270064   -0.338
YXYX143   29.493133   -95.270432   -0.336
YXYX144   29.493877   -95.270837   -0.321
YXYX145   29.440486   -95.227582   -0.336
YXYX146   29.441046   -95.227627   -0.318
YXYX147   29.440247   -95.227441   -0.333
YXYX148   29.440273   -95.228345   -0.333
YXYX149   29.456352   -95.261452   -0.314
YXYX150   29.456190   -95.261875   -0.308
YXYX151   29.456443   -95.260868   -0.321
YXYX152   29.456749   -95.261707   -0.327
YXYX153   29.402282   -95.257233   -0.329
YXYX154   29.402658   -95.257022   -0.343
YXYX155   29.401847   -95.257382   -0.328
YXYX156   29.402446   -95.257973   -0.332
YXYX157   29.436081   -95.288769   -0.338
YXYX158   29.436460   -95.289291   -0.325
YXYX159   29.436375   -95.288286   -0.331
YXYX160   29.435360   -95.288806   -0.337
YXYX161   29.474926   -95.311357   -0.329
YXYX162   29.474127   -95.311877   -0.325
YXYX163   29.474989   -95.310474   -0.330
YXYX164   29.475471   -95.311696   -0.328
YXYX165   29.391177   -95.294572   -0.330
YXYX166   29.391589   -95.294833   -0.335
YXYX167   29.391228   -95.293920   -0.316
YXYX168   29.391084   -95.295045   -0.308
YXYX169   29.388547   -95.335788   -0.325
YXYX170   29.389050   -95.335603   -0.318
YXYX171   29.388191   -95.335558   -0.325
YXYX172   29.388591   -95.336513   -0.318
YXYX173   29.437211   -95.344005   -0.338
YXYX174   29.436778   -95.343533   -0.339
YXYX175   29.437888   -95.343882   -0.336
YXYX176   29.436718   -95.344495   -0.354
YXYX177   29.472800   -95.361100   -0.345
YXYX178   29.472278   -95.361187   -0.346
YXYX179   29.472698   -95.361662   -0.347
YXYX180   29.416554   -95.364630   -0.326
YXYX181   29.399103   -95.397389   -0.333
YXYX182   29.399436   -95.396887   -0.335
YXYX183   29.398583   -95.397290   -0.333
YXYX184   29.399394   -95.398219   -0.320
YXYX185   29.430370   -95.402466   -0.324
YXYX186   29.429687   -95.436816   -0.326
YXYX187   29.429297   -95.437201   -0.325
YXYX188   29.429611   -95.435978   -0.329
YXYX189   29.430142   -95.437041   -0.334
YXYX190   29.396290   -95.437841   -0.356
YXYX191   29.395668   -95.437852   -0.349
YXYX192   29.396444   -95.436966   -0.352
YXYX193   29.396532   -95.438431   -0.356
YXYX194   29.398265   -95.474783   -0.391
YXYX195   29.398782   -95.475007   -0.404
YXYX196   29.398381   -95.474196   -0.384
YXYX197   29.397961   -95.475317   -0.385
YXYX198   29.419643   -95.470894   -0.418
YXYX199   29.419784   -95.470364   -0.410
YXYX200   29.419240   -95.470999   -0.408
YXYX201   29.420048   -95.471206   -0.410
YXYX202   29.446809   -95.472912   -0.359
YXYX203   29.447235   -95.473274   -0.369
YXYX204   29.446860   -95.472316   -0.346
YXYX205   29.446473   -95.473311   -0.367
YXYX206   29.506833   -95.482886   -0.406
YXYX207   29.506611   -95.483442   -0.413
YXYX208   29.506479   -95.482463   -0.404
YXYX209   29.507343   -95.482701   -0.414
YXYX210   29.417090   -95.504680   -0.348
YXYX211   29.416654   -95.503864   -0.340
YXYX212   29.416491   -95.505378   -0.343
YXYX213   29.690200   -97.934000   -2.100
YXYX214   29.398000   -97.772000   -1.087
YXYX215   29.255200   -97.713000   -1.089
YXYX216   29.236300   -97.600000   -1.232
YXYX217   29.111900   -97.542000   -1.841
YXYX218   29.065600   -97.354000   -1.588
YXYX219   28.894100   -97.373000   -1.683
YXYX220   28.524700   -97.891000   -1.932
YXYX221   28.570200   -97.756000   -2.063
YXYX222   28.494300   -97.397000   -2.105
YXYX223   28.524700   -98.104000   -1.578
YXYX224   28.375800   -97.730000   -1.983
YXYX225   28.333700   -97.561000   -2.123
YXYX226   28.107100   -97.725000   -1.827
YXYX227   28.013200   -97.901000   -1.813
YXYX228   27.891600   -97.637000   -1.789
YXYX229   27.704900   -97.903000   -2.053
YXYX230   27.721000   -97.759000   -1.615
YXYX231   29.318600   -97.472000   -0.959
YXYX232   28.828000   -97.706000   -2.256
YXYX233   29.379300   -94.557000   -0.430
YXYX234   34.060100   -96.770000   -1.400
YXYX235   34.020000   -97.940000   -3.520
YXYX236   32.951600   -95.319000   -0.980
YXYX237   33.811400   -95.619000   -1.460
YXYX238   27.243500   -94.650000   -1.464
YXYX239   32.948600   -99.273000   -3.570
YXYX240   33.734300  -100.353900   -4.025
YXYX241   33.826800  -102.884400   -4.444
YXYX242   33.011900  -102.984500   -3.767
YXYX243   31.638000   -95.569000   -0.587
YXYX244   30.052100   -94.663000   -0.348
YXYX245   27.936000   -98.029000   -2.492
YXYX246   30.371500   -97.187000   -0.997
YXYX247   31.074100   -98.448000   -2.936
YXYX248   29.098400   -95.394000   -0.346
YXYX249   30.486300   -98.525000   -3.466
YXYX250   30.010100  -100.882800   -2.639
YXYX251   29.472500   -95.499600   -0.400
YXYX252   27.809700   -96.812000   -3.160
YXYX253   29.350000   -97.290000   -1.141
YXYX254   31.840800   -93.256000   -0.442
YXYX255   27.805500   -98.009000   -1.985
YXYX256   30.910000   -96.242000   -0.653
YXYX257   28.300700   -95.017200   -0.668
YXYX258   29.390300   -95.387100   -0.329
YXYX259   28.757000   -97.895000   -2.220
YXYX260   30.332500  -100.645900   -3.429
YXYX261   28.369100   -95.129000   -0.351
YXYX262   29.759900   -97.796000   -1.361
YXYX263   31.707000   -94.050000   -0.458
YXYX264   30.991000   -98.879000   -3.035
YXYX265   31.314100   -99.754000   -3.300
YXYX266   31.639600  -100.990000   -3.537
YXYX267   27.880900   -98.034000   -2.251
YXYX268   29.308300   -95.479800   -0.334
YXYX269   27.750700   -98.065000   -1.377
YXYX270   29.576700   -96.546000   -0.467
YXYX271   28.267200   -95.442000   -0.450
YXYX272   28.999200   -95.715300   -0.327
YXYX273   31.090000   -96.440000   -1.070
YXYX274   29.393800   -95.587800   -0.398
YXYX275   28.001200   -98.138000   -1.465
YXYX276   27.133000   -98.517000   -1.730
YXYX277   28.353100   -95.228000   -0.467
YXYX278   29.112500   -95.603000   -0.350
YXYX279   30.773600  -100.965500   -3.022
YXYX280   30.117300   -97.827000   -1.410
YXYX281   31.610100   -99.981000   -3.360
YXYX282   30.788100   -98.062000   -2.162
YXYX283   29.528100   -97.859000   -1.400
YXYX284   31.560500   -95.427000   -0.478
YXYX285   28.430300   -95.440000   -0.620
YXYX286   28.828100   -97.705000   -2.274
YXYX287   29.603900   -95.312000   -0.426
YXYX288   29.302500   -95.653900   -0.334
YXYX289   26.653000   -97.747000   -1.836
YXYX290   29.571700   -95.602000   -0.839
YXYX291   27.817400   -98.156000   -2.274
YXYX292   32.063700   -97.013000   -2.344
YXYX293   28.636000   -95.264000   -0.860
YXYX294   30.416300   -93.160000   -0.473
YXYX295   32.813000   -97.476000   -3.495
YXYX296   28.807200   -94.843000   -0.292
YXYX297   31.479200   -97.943000   -2.199
YXYX298   31.004500   -95.454000   -0.908
YXYX299   29.471900   -95.382100   -0.347
YXYX300   28.178900   -95.484000   -0.480
YXYX301   29.549500   -95.455600   -0.586
YXYX302   28.995800   -98.488000   -2.915
YXYX303   32.205400   -94.440000   -0.801
YXYX304   31.180900  -101.166400   -3.087
YXYX305   29.614800   -95.240400   -0.417
YXYX306   29.793900   -96.072000   -0.570
YXYX307   33.257300   -95.764000   -1.442
YXYX308   33.032000   -95.793000   -1.800
YXYX309   28.205350   -95.079060   -0.785
YXYX310   28.272200   -96.430000   -1.310
YXYX311   32.303000  -101.059400   -3.737
YXYX312   27.714300   -99.138000   -2.669
YXYX313   29.172700   -95.713800   -0.334
YXYX314   31.689100  -100.341000   -3.688
YXYX315   28.704300   -97.712000   -2.230
YXYX316   28.368600   -95.326000   -0.780
YXYX317   30.000400   -99.731000   -3.951
YXYX318   29.021900   -95.597200   -0.586
YXYX319   32.475300  -102.008300   -3.407
YXYX320   29.522300   -95.492600   -0.559
YXYX321   28.872400   -94.586000   -0.330
YXYX322   28.840500   -96.466000   -0.640
YXYX323   30.074800   -96.959000   -1.210
YXYX324   31.903900   -97.776000   -2.765
YXYX325   28.385200   -95.006000   -0.310
YXYX326   28.327400   -96.865000   -2.056
YXYX327   26.840700   -97.874000   -1.477
YXYX328   27.932400   -98.728000   -2.437
YXYX329   26.596000   -98.267000   -1.165
YXYX330   31.930000  -100.809700   -3.968
YXYX331   28.332600   -97.826000   -1.657
YXYX332   31.143000  -100.414200   -3.819
YXYX333   31.680900   -96.148000   -1.584
YXYX334   29.369900   -95.005000   -0.289
YXYX335   32.364500   -99.642000   -4.107
YXYX336   29.024800   -95.106000   -0.467
YXYX337   29.265100   -95.398000   -0.384
YXYX338   27.383900   -97.458000   -1.427
YXYX339   26.217000   -98.217000   -1.973
YXYX340   28.709700   -95.854000   -0.560
YXYX341   32.415700   -95.452000   -0.882
YXYX342   26.503300   -98.257000   -1.190
YXYX343   32.593200   -94.772000   -0.800
YXYX344   29.565900   -95.226600   -0.352
YXYX345   29.469600   -95.460000   -0.391
YXYX346   31.842900   -95.537000   -0.966
YXYX347   33.581500   -97.035000   -3.470
YXYX348   29.572700   -95.192300   -0.384
YXYX349   30.965900   -99.682000   -3.126
YXYX350   32.268700   -99.020000   -3.317
YXYX351   28.624000   -97.834000   -1.942
YXYX352   29.142600  -100.085000   -3.106
YXYX353   28.109200   -95.049200   -0.627
YXYX354   29.226000   -97.650000   -0.860
YXYX355   26.854800   -97.250000   -2.385
YXYX356   28.712200  -100.716400   -2.566
YXYX357   29.561100   -95.340500   -0.347
YXYX358   32.649700   -96.397000   -2.905
YXYX359   29.380500   -95.219000   -0.396
YXYX360   29.624800   -95.191300   -0.385
YXYX361   29.128200   -98.498000   -3.272
YXYX362   30.073500   -97.236000   -0.754
YXYX363   29.227800   -95.507900   -0.337
YXYX364   32.177100   -93.803000   -0.610
YXYX365   31.479000   -96.412000   -1.315
YXYX366   31.868600   -99.294000   -3.390
YXYX367   29.430500   -95.518700   -0.375
YXYX368   31.336600   -98.843000   -3.637
YXYX369   29.434400   -95.467000   -0.352
YXYX370   29.506100   -95.448900   -0.384
YXYX371   28.941700  -100.208300   -3.000
YXYX372   31.018300   -94.098000   -0.336
YXYX373   31.403600   -99.324000   -3.223
YXYX374   28.950000   -96.101000   -0.390
YXYX375   28.583600   -99.674000   -3.100
YXYX376   31.373800   -92.283000   -0.390
YXYX377   28.200400   -95.081300   -0.787
YXYX378   30.995000   -97.642000   -2.427
YXYX379   27.861500   -97.551000   -2.807
YXYX380   28.238400   -94.815000   -0.440
YXYX381   29.733600   -97.924000   -2.353
YXYX382   31.481900   -99.481000   -3.291
YXYX383   30.200900   -95.897000   -0.800
YXYX384   30.034400   -98.988000   -2.670
YXYX385   29.407900  -100.635600   -3.048
YXYX386   31.212000   -94.639000   -0.385
YXYX387   27.848600   -97.740000   -1.608
YXYX388   27.466900   -98.322000   -2.596
YXYX389   30.869200   -96.431000   -0.766
YXYX390   29.266900   -95.024000   -0.364
YXYX391   28.778500   -96.163000   -0.717
YXYX392   31.792500   -95.327000   -0.612
YXYX393   29.520000   -95.170000   -0.407
YXYX394   29.161700   -95.137000   -0.319
YXYX395   33.356800   -93.860000   -0.676
YXYX396   33.229300   -93.200000   -1.151
YXYX397   30.050000  -103.120000   -3.387
YXYX398   31.100000  -102.900000   -3.338
YXYX399   28.402800  -102.717900   -2.310
YXYX400   31.440000  -101.860000   -3.717
YXYX401   25.726800   -98.684000   -1.877
YXYX402   26.092200   -96.813000   -1.265
YXYX403   27.740000  -101.330000   -1.470
YXYX404   26.587100   -98.801000   -1.193
YXYX405   26.895600   -99.768000   -2.428
YXYX406   25.540800   -97.550000   -1.777
YXYX407   26.909500   -97.057000   -1.103
YXYX408   28.111700   -95.769000   -0.475
YXYX409   26.694100   -99.232000   -2.190
YXYX410   25.689400   -98.139000   -1.086
YXYX411   27.322100   -96.282000   -1.922
YXYX412   27.823200  -100.301600   -3.306
YXYX413   28.280000   -95.178100   -0.487
YXYX414   28.528600   -95.345700   -0.476
YXYX415   28.999200   -95.715300   -0.327
YXYX416   28.032200   -95.179700   -0.530
YXYX417   28.178900   -95.339000   -0.443
YXYX418   28.471700   -95.136900   -0.320
YXYX419   28.293400   -95.316400   -0.454
YXYX420   28.112000   -95.224400   -0.736
YXYX421   28.063800   -95.357000   -0.703
YXYX422   28.078000   -95.155500   -0.600
YXYX423   32.290000  -108.320000   -4.679
YXYX424   31.480000  -106.320000   -3.914
YXYX425   29.170000  -107.440000   -3.253
YXYX426   28.920000  -110.290000   -4.024
YXYX427   30.650000  -106.766700   -4.501
YXYX428   29.680000  -101.420000   -3.876
YXYX429   29.210000  -105.800000   -2.941
YXYX430   29.710000  -110.980000   -5.052
YXYX431   28.160000  -114.030000   -3.743
YXYX432   29.690000  -102.140000   -3.816
YXYX433   29.025800   -97.616000   -2.073
YXYX434   27.616700   -97.542600   -0.800
YXYX435   31.962700   -91.353900   -0.840
YXYX436   29.905000   -92.767500   -0.350
YXYX437   29.422200   -93.427000   -0.255
YXYX438   29.725000   -92.561700   -0.695
YXYX439   29.563900   -91.204200   -1.050
YXYX440   30.244400   -91.615300   -1.552
YXYX441   28.873500   -93.092000   -0.488
YXYX442   30.752000   -91.539300   -0.490
YXYX443   31.400100   -90.389300   -0.284
YXYX444   29.858300   -93.172700   -0.249
YXYX445   40.516700  -104.200000   -1.178
YXYX446   36.580900   -95.869800   -1.766
YXYX447   33.731200   -94.238700   -0.980
YXYX448   40.027600  -105.188300   -1.385
YXYX449   39.400000  -100.183300   -1.345
YXYX450   36.250400   -91.539200   -1.193
YXYX451   37.831400   -97.988600   -2.317
YXYX452   35.691100   -94.929900   -1.772
YXYX453   38.390700   -97.889800   -1.700
YXYX454   36.589600   -92.729500   -1.224
YXYX455   35.010000   -97.088500   -2.900
YXYX456   39.390700  -101.258800   -1.998
YXYX457   37.190300   -95.909800   -1.645
YXYX458   39.811400  -101.789600   -1.714
YXYX459   33.064600   -95.552000   -1.143
YXYX460   33.246100   -96.253200   -2.653
YXYX461   34.671100   -96.639400   -2.703
YXYX462   35.627500   -96.737000   -1.822
YXYX463   41.090100  -104.499200   -1.741
YXYX464   36.083300   -96.166700   -1.560
YXYX465   34.430700   -95.980000   -2.325
YXYX466   35.560900   -92.078500   -0.925
YXYX467   35.450800   -93.318900   -1.478
YXYX468   38.771300   -98.959900   -1.770
YXYX469   37.621000   -97.238700   -1.920
YXYX470   38.841400  -100.389000   -2.323
YXYX471   33.342600   -95.086400   -1.060
YXYX472   34.661100   -94.950000   -1.757
YXYX473   35.040000   -95.900000   -2.320
YXYX474   41.090600  -103.098500   -1.869
YXYX475   39.091500   -99.469100   -1.501
YXYX476   26.151800   -93.944800   -1.307
YXYX477   25.322600   -91.972600   -0.556
YXYX478   25.816400   -94.749000   -1.499
YXYX479   26.907200   -95.697100   -2.324
YXYX480   25.035300   -95.100000   -1.191
YXYX481   27.212100   -91.186800   -0.428
YXYX482   25.387200   -94.371000   -1.049
YXYX483   32.552700   -88.474600   -0.141
YXYX484   31.498500   -85.879900   -0.073
YXYX485   30.276200   -90.505600   -0.473
YXYX486   31.938200   -89.276000   -0.819
YXYX487   29.903600   -89.978700   -0.768
YXYX488   30.134900   -84.106000   -0.061
YXYX489   31.118900   -87.831200   -0.184
YXYX490   29.816000   -86.161300   -0.066
YXYX491   30.373100   -91.120700   -1.108
YXYX492   31.131500   -84.844900   -0.105
YXYX493   31.391900   -88.384000   -0.393
YXYX494   30.426000   -87.111000   -0.054
YXYX495   29.646300   -87.310200   -0.049
YXYX496   32.596800   -89.281400   -0.662
YXYX497   31.630300   -86.614000   -0.083
YXYX498   30.201000   -88.202900   -0.168
YXYX499   30.542800   -85.646100   -0.080
YXYX500   32.002700   -87.958000   -0.115
YXYX501   29.715800   -85.589100   -0.071
YXYX502   31.259900   -89.158000   -0.939
YXYX503   30.783700   -88.685000   -0.077
YXYX504   30.213600   -88.788900   -0.356
YXYX505   32.986300   -89.568000   -0.273
YXYX506   31.172300   -87.272700   -0.073
YXYX507   32.249700   -89.783000   -0.378
YXYX508   32.324000   -90.289000   -0.452
YXYX509   26.814300   -97.238900   -2.127
YXYX510   27.073700   -96.949100   -2.274
YXYX511   26.569800   -96.948400   -1.011
YXYX512   26.977200   -97.291900   -1.636
YXYX513   26.828700   -96.733900   -2.308
YXYX514   27.041200   -97.235800   -1.085
YXYX515   26.377400   -97.240500   -2.350
YXYX516   27.002900   -97.076300   -1.463
YXYX517   26.232000   -96.879800   -1.532
YXYX518   27.114900   -97.387000   -2.036
YXYX519   26.968200   -96.817800   -2.565
YXYX520   29.956100   -98.037000   -3.021
YXYX521   36.943900   -98.302700   -2.475
YXYX522   34.478200   -99.751600   -3.736
YXYX523   37.380700  -102.622500   -2.995
YXYX524   36.282200  -101.880500   -3.220
YXYX525   34.736800   -98.333500   -3.589
YXYX526   37.866400  -109.286200   -3.210
YXYX527   36.656200   -98.808200   -2.826
YXYX528   33.431900   -98.528200   -3.683
YXYX529   36.588000   -99.713000   -3.332
YXYX530   38.818900  -106.585600   -2.775
YXYX531   36.918200   -97.878600   -3.163
YXYX532   35.871400   -98.818600   -3.310
YXYX533   34.919900  -101.791900   -4.280
YXYX534   36.368700   -97.215800   -2.530
YXYX535   32.195700  -103.553200   -3.748
YXYX536   36.152100  -103.622400   -3.268
YXYX537   38.149700   -99.818200   -3.138
YXYX538   34.170900  -104.170300   -4.325
YXYX539   34.218700  -107.679400   -4.632
YXYX540   36.817600  -107.192800   -3.127
YXYX541   36.846300  -101.721300   -3.001
YXYX542   35.507000  -100.191100   -3.808
YXYX543   32.894300  -104.683100   -4.076
YXYX544   30.615000   -96.331000   -0.525
YXYX545   30.589700   -96.532700   -0.790
YXYX546   29.212000   -96.767200   -0.624
YXYX547   30.543400   -95.886600   -0.298
YXYX548   30.706700   -95.447000   -0.396
YXYX549   30.230500  -100.183400   -4.256
YXYX550   30.580400   -99.690400   -2.885
YXYX551   33.309900   -96.192500   -2.204
YXYX552   29.008700   -94.545500   -0.463
YXYX553   32.347100   -94.932600   -0.800
YXYX554   27.704900   -97.902700   -2.125
YXYX555   27.790000   -97.940000   -2.000
YXYX556   28.250600   -95.062700   -0.774
YXYX557   30.752400   -95.611400   -0.478
YXYX558   30.791800   -95.431700   -0.457
YXYX559   29.128300   -99.405000   -3.368
YXYX560   31.976900   -95.106400   -0.712
YXYX561   30.381200   -96.200700   -0.558
YXYX562   30.622500   -95.653300   -0.760
YXYX563   29.369000   -95.947800   -0.564
YXYX564   31.901400   -95.158400   -0.700
YXYX565   31.110800   -96.106500   -0.620
YXYX566   30.109000   -96.616300   -0.600
YXYX567   30.354200   -96.860500   -0.749
YXYX568   30.755500   -95.551700   -0.567
YXYX569   28.435000   -95.283400   -0.560
YXYX570   31.947800   -95.272100   -1.700
YXYX571   30.642000   -96.759000   -1.012
YXYX572   30.312800   -92.840000   -0.437
YXYX573   32.103300   -95.214300   -0.708
YXYX574   31.262900   -96.187100   -1.155
YXYX575   28.013300   -98.061300   -2.750
YXYX576   30.189800   -98.086100   -2.895
YXYX577   31.841600   -95.285000   -0.587
YXYX578   35.406700   -89.936700   -1.160
YXYX579   34.400900   -90.280300   -0.876
YXYX580   34.520000   -89.833300   -0.800
YXYX581   33.253200   -92.567500   -0.497
YXYX582   34.708900   -91.247200   -0.790
YXYX583   34.112800   -90.624400   -0.740
YXYX584   34.352300   -90.787600   -0.920
YXYX585   34.683300   -92.183300   -1.027
YXYX586   34.939100   -93.233300   -1.080
YXYX587   34.128300   -92.183000   -0.942
YXYX588   33.325300   -91.676600   -0.850
YXYX589   35.055000   -90.568000   -0.800
YXYX590   34.569700   -91.782800   -0.885
YXYX591   33.512400   -90.126000   -0.836
YXYX592   33.518000   -89.134600   -0.461
YXYX593   37.494600   -89.768800   -0.856
YXYX594   34.070700   -92.714800   -1.710
YXYX595   35.392000   -90.874900   -1.405
YXYX596   34.031700   -91.075800   -0.630
YXYX597   32.910100   -92.283900   -0.561
YXYX598   36.872100   -90.674600   -1.138
YXYX599   38.855900   -89.492500   -1.010
YXYX600   31.410000  -104.360000   -3.827
YXYX601   29.700000  -105.660000   -2.995
YXYX602   31.450000  -107.910000   -4.500
YXYX603   25.118000  -100.853400   -1.722
YXYX604   23.136400  -100.741500   -1.262
YXYX605   25.029300   -98.464400   -1.822
YXYX606   26.108800  -100.052500   -2.063
YXYX607   23.624900   -94.379800   -0.684
YXYX608   23.353500   -96.840400   -1.771
YXYX609   26.459000   -93.336000   -1.160
YXYX610   26.549000   -99.848500   -2.215
YXYX611   25.148300   -97.252500   -1.940
YXYX612   23.501900   -99.264900   -1.031
YXYX613   22.019400   -99.261800   -0.585
YXYX614   22.782500   -96.776600   -1.309
YXYX615   23.650400   -97.240200   -1.315
YXYX616   25.148300   -97.252500   -1.940
YXYX617   22.552400  -100.079400   -1.025
YXYX618   23.878500   -99.931100   -1.525
YXYX619   24.885600   -95.708900   -1.489
YXYX620   25.831700  -101.148200   -0.861
YXYX621   25.427300   -96.424800   -2.031
YXYX622   24.424500  -101.407500   -0.924
YXYX623   22.336500  -100.420400   -0.934
YXYX624   24.405800   -96.611500   -1.487
YXYX625   21.425900   -98.472400   -0.649
YXYX626   23.128400   -95.297600   -1.055
YXYX627   25.028900  -101.480200   -1.630
YXYX628   24.112800   -97.211900   -1.849
YXYX629   25.609300   -99.746000   -1.955
YXYX630   24.085100  -101.929100   -0.838
YXYX631   23.407600   -95.748200   -1.384
YXYX632   26.088100   -95.864300   -2.076
YXYX633   24.700200   -97.856000   -1.667
YXYX634   24.035700  -100.754600   -1.680
YXYX635   23.565900   -98.022000   -0.511
YXYX636   25.885400  -100.628300   -1.653
YXYX637   24.434800   -99.852500   -1.164
