2019  11   1   1  58  22.99  0.30   29.6120   -95.2213   2.91        1
2019  11   1  23  23  57.89  0.40   29.6150   -95.2252   3.18        2
2019  11   2  15  12  39.42  2.60   29.6422   -95.2215   5.16        3
2019  11   2  22  17  21.70  1.10   29.6045   -95.2293   3.21        4
2019  11   2  22  49  36.90  0.90   29.5785   -95.1905   5.92        5
2019  11   3   4  40  46.63  0.70   29.6197   -95.1912   2.00        6
2019  11   3  18   2  41.64  1.60   29.6375   -95.2205   2.60        7
2019  11   3  18  13   4.18  1.30   29.6388   -95.2240   2.59        8
2019  11   3  18  15   5.00  1.40   29.6370   -95.2242   1.89        9
2019  11   3  20  55   2.05  0.70   29.5820   -95.1858   4.81       10
2019  11   4   5  53  23.28  1.80   29.6118   -95.1808   4.82       11
2019  11   4   6  17  31.90  1.50   29.6380   -95.2195   2.96       12
2019  11   5   1  28  21.82  0.60   29.6115   -95.1802   3.39       13
2019  11   5   1  28  39.89  0.70   29.6097   -95.1822   3.29       14
2019  11   5   8  35   4.76  0.40   29.5833   -95.1758   2.61       15
2019  11   5  17   6  31.87  0.60   29.5877   -95.1650   2.18       16
2019  11   5  19  56  31.82  0.80   29.5847   -95.1763   3.66       17
2019  11   5  20  28   0.03  0.50   29.5873   -95.1672   0.29       18
2019  11   6   4  41  21.10  1.70   29.6172   -95.1907   2.65       19
2019  11   6  11  32  34.92  1.70   29.6438   -95.2187   2.83       20
2019  11   6  16   1  46.87  1.80   29.5987   -95.2047   5.23       21
2019  11   6  16   2  51.35  1.30   29.5972   -95.2070   2.60       22
2019  11   6  16   4  26.42  1.20   29.5968   -95.2100   3.34       23
2019  11   6  16  30   8.12  1.30   29.5970   -95.2077   2.43       24
2019  11   6  16  33  30.28  1.60   29.5968   -95.2093   4.59       25
2019  11   6  16  38  38.88  0.70   29.5995   -95.2020   2.49       26
2019  11   6  16  44  38.09  1.20   29.5982   -95.2073   3.27       27
2019  11   6  16  50   1.24  1.30   29.5983   -95.2057   3.08       28
2019  11   6  17  19   4.25  0.90   29.5978   -95.2047   3.05       29
2019  11   6  17  35  13.88  1.90   29.5963   -95.2102   3.52       30
2019  11   6  17  58  21.69  1.40   29.5987   -95.2073   2.86       31
2019  11   6  18  45  42.29  1.00   29.6405   -95.2160   2.36       32
2019  11   7   5  33  40.96  1.90   29.5978   -95.2073   4.40       33
2019  11   7   6  30  27.96  0.90   29.5998   -95.2020   3.59       34
2019  11   7   8  50  54.63  2.10   29.5988   -95.2065   4.63       35
2019  11   7   9  33   1.17  1.80   29.5997   -95.2080   4.29       36
2019  11   7   9  38  56.65  2.20   29.6392   -95.2225   3.12       37
2019  11   7  10   6  21.76  1.70   29.5957   -95.2082   2.91       38
2019  11   7  10  19  40.54  1.50   29.5985   -95.2088   3.97       39
2019  11   7  10  27  49.43  1.90   29.5967   -95.2023   3.07       40
2019  11   7  10  49  45.65  2.10   29.5978   -95.2085   4.40       41
2019  11   7  12  59  17.41  2.10   29.5988   -95.2058   4.92       42
2019  11   7  20  24  44.90  1.30   29.6458   -95.2297   4.15       43
2019  11   8   9  10  10.29  1.50   29.5950   -95.2038   4.26       44
2019  11   8   9  42  35.52  2.00   29.5975   -95.2043   2.99       45
2019  11   8  10   8  48.42  1.70   29.5975   -95.2090   2.88       46
2019  11   8  10  19   5.60  1.40   29.5965   -95.2040   4.38       47
2019  11   8  13   3  36.71  2.00   29.5940   -95.2113   3.91       48
2019  11   8  13  36  33.75  1.30   29.5978   -95.2047   3.46       49
2019  11   8  13  51   3.14  2.10   29.5977   -95.2075   3.13       50
2019  11   8  14  15  15.08  2.20   29.5993   -95.2072   4.35       51
2019  11   8  15  17  58.47  1.60   29.5948   -95.2088   3.23       52
2019  11   8  16  12  49.30  1.50   29.5980   -95.2153   4.85       53
2019  11   8  16  58  33.80  1.80   29.6017   -95.2040   4.23       54
2019  11   8  17  33  38.14  2.40   29.5975   -95.2033   4.46       55
2019  11   8  17  53  31.43  2.20   29.5968   -95.2018   4.83       56
2019  11   8  17  56  51.26  2.00   29.5968   -95.2065   3.29       57
2019  11   8  18   5  22.90  1.50   29.5938   -95.2133   3.61       58
2019  11   8  18   6   0.41  1.50   29.5932   -95.2093   3.31       59
2019  11   8  18  56  29.10  1.90   29.5965   -95.2088   3.69       60
2019  11   8  19   8  15.18  2.50   29.5988   -95.2073   4.39       61
2019  11   8  20   8   7.13  1.20   29.5938   -95.2098   3.54       62
2019  11   8  20  29   4.87  1.70   29.6005   -95.2058   3.99       63
2019  11   8  20  46  30.79  1.20   29.6385   -95.2190   2.40       64
2019  11   8  22  24  55.70  1.40   29.5918   -95.2112   4.60       65
2019  11   8  22  29  54.02  1.10   29.5930   -95.2048   3.52       66
2019  11   8  23   5  28.87  1.40   29.5952   -95.2092   4.00       67
2019  11   8  23   6  59.72  1.30   29.5947   -95.2087   4.23       68
2019  11   8  23   7  44.07  1.50   29.5927   -95.2043   4.47       69
2019  11   8  23  53  40.15  1.00   29.6017   -95.2077   2.87       70
2019  11   9   1  43   2.46  2.10   29.5922   -95.2130   4.40       71
2019  11   9   2  17  45.65  0.90   29.5972   -95.2065   2.99       72
2019  11   9   3  14   6.39  0.80   29.5970   -95.2073   2.93       73
2019  11   9   4  10  54.66  1.10   29.6008   -95.2055   2.92       74
2019  11   9   4  29   5.77  2.00   29.5923   -95.2077   4.13       75
2019  11   9   5  30  22.03  1.40   29.6152   -95.2040   4.26       76
2019  11   9   5  59  57.60  1.30   29.6078   -95.1993   4.22       77
2019  11   9   7  14   2.40  1.70   29.5932   -95.2112   4.18       78
2019  11   9   8  54  21.57  1.60   29.6408   -95.2192   2.01       79
2019  11   9   9   2   7.79  2.60   29.6003   -95.2067   5.42       80
2019  11   9  11   6  47.87  1.40   29.6008   -95.2052   3.13       81
2019  11   9  11  16  33.82  3.00   29.6000   -95.2082   4.59       82
2019  11   9  12  30   9.15  1.80   29.6453   -95.2292   3.14       83
2019  11   9  12  52  17.02  1.80   29.5993   -95.2077   3.40       84
2019  11   9  13  17  53.56  1.40   29.6008   -95.2077   3.33       85
2019  11   9  13  45  57.72  3.10   29.5747   -95.1928   6.67       86
2019  11   9  13  48  17.23  1.40   29.6007   -95.2070   2.62       87
2019  11   9  13  56   9.97  1.30   29.5787   -95.1907   5.21       88
2019  11   9  14  54  47.26  2.50   29.6177   -95.2035   4.39       89
2019  11   9  15  57  44.84  1.30   29.6027   -95.2052   2.96       90
2019  11   9  16  21  48.79  1.30   29.6043   -95.2050   3.06       91
2019  11   9  17  12  28.39  2.40   29.6355   -95.2190   4.61       92
2019  11   9  18  48  58.98  1.40   29.6085   -95.2083   3.24       93
2019  11   9  19   9  57.75  2.29   29.5932   -95.2077   4.29       94
2019  11   9  19  19   7.97  1.40   29.6017   -95.2027   3.56       95
2019  11   9  19  29   4.63  1.50   29.6045   -95.2090   3.01       96
2019  11   9  19  37  24.03  1.70   29.6447   -95.2292   3.96       97
2019  11   9  20  53  52.18  1.50   29.6088   -95.2072   3.45       98
2019  11   9  20  59  25.39  1.50   29.6093   -95.2023   4.06       99
2019  11   9  21  56   1.60  2.29   29.6037   -95.2063   4.61      100
2019  11   9  22   2  24.49  1.20   29.5920   -95.2095   4.09      101
2019  11  10   1  37  39.00  1.70   29.6093   -95.2057   4.18      102
2019  11  10   2   9  23.71  1.00   29.6007   -95.2050   3.05      103
2019  11  10   4   9  16.11  1.50   29.5943   -95.2062   4.98      104
2019  11  10   4  24  13.09  1.80   29.6023   -95.2080   4.98      105
2019  11  10   4  34  24.89  1.60   29.6028   -95.2072   4.32      106
2019  11  10   4  36  30.18  1.90   29.6375   -95.2173   3.72      107
2019  11  10   4  39  50.98  1.70   29.5937   -95.2093   4.67      108
2019  11  10   8   7  13.61  2.00   29.5987   -95.2060   4.38      109
2019  11  10   9   5  45.57  2.60   29.6000   -95.2058   4.32      110
2019  11  10  10  10  41.68  1.50   29.6102   -95.2038   4.08      111
2019  11  10  10  31  36.74  1.50   29.6168   -95.2010   3.91      112
2019  11  10  12  21  24.78  1.90   29.6067   -95.2060   3.03      113
2019  11  10  12  48   5.25  1.90   29.6018   -95.2087   4.52      114
2019  11  10  14  11  37.43  2.29   29.6015   -95.2068   4.22      115
2019  11  10  14  14  10.46  2.00   29.6048   -95.2033   4.35      116
2019  11  10  15  46  50.14  2.10   29.5928   -95.2087   4.41      117
2019  11  10  16  44  48.35  1.60   29.6035   -95.2045   4.13      118
2019  11  10  16  46  24.37  2.29   29.6008   -95.2083   4.21      119
2019  11  10  18  49  41.78  2.29   29.6060   -95.2078   4.57      120
2019  11  10  19  24  59.21  2.00   29.6015   -95.2057   3.98      121
2019  11  10  19  27  30.29  3.10   29.6058   -95.2057   4.85      122
2019  11  10  22  36  52.63  1.70   29.6167   -95.1965   4.05      123
2019  11  10  23  18  58.32  0.80   29.6075   -95.1997   2.01      124
2019  11  10  23  20   7.18  1.30   29.6097   -95.2038   2.78      125
2019  11  12   0  43  48.91  0.90   29.5918   -95.1955   3.72      126
2019  11  12   1  45  46.15  1.50   29.5947   -95.2088   3.49      127
2019  11  12   2  31  51.01  0.90   29.6367   -95.2158   2.23      128
2019  11  12   2  36  33.78  0.90   29.6003   -95.2078   2.79      129
2019  11  12   3   3  49.84  0.50   29.6025   -95.2038   2.30      130
2019  11  12   3  24  45.81  0.90   29.6175   -95.2017   2.80      131
2019  11  12   4  13  30.40  0.40   29.5952   -95.2085   3.05      132
2019  11  12   4  28  50.29  1.20   29.6133   -95.2067   2.33      133
2019  11  12   4  46  57.32  0.70   29.6118   -95.2042   3.25      134
2019  11  12   4  50  38.67  0.60   29.5973   -95.2035   2.55      135
2019  11  12   5   2  24.26  2.20   29.6083   -95.2053   4.24      136
2019  11  12   5   8  41.66  0.80   29.5997   -95.1732   4.46      137
2019  11  12   5  48   6.75  2.00   29.5993   -95.2048   5.57      138
2019  11  12   5  49  40.72  0.60   29.5943   -95.2077   3.21      139
2019  11  12   5  50  14.43  1.00   29.5955   -95.2042   3.13      140
2019  11  12   5  53  52.49  0.80   29.6032   -95.2073   2.76      141
2019  11  12   7  37   8.86  1.60   29.6432   -95.2243   2.93      142
2019  11  12   7  40  55.58  1.50   29.6073   -95.2045   2.41      143
2019  11  12   7  58  18.33  1.00   29.6115   -95.2028   2.70      144
2019  11  12  10  10  48.76  1.60   29.6165   -95.2025   2.85      145
2019  11  12  10  35  43.49  1.60   29.6380   -95.2170   2.34      146
2019  11  12  11  14  40.32  0.80   29.5953   -95.2063   2.64      147
2019  11  12  11  38  29.81  1.70   29.6165   -95.2043   3.29      148
2019  11  12  11  50  39.85  1.30   29.5943   -95.2068   3.07      149
2019  11  12  12  13  19.32  1.40   29.6455   -95.2260   1.73      150
2019  11  12  14   8  18.73  1.80   29.6405   -95.2268   2.68      151
2019  11  12  17  53  48.05  1.70   29.6400   -95.2163   2.46      152
2019  11  12  18  33  44.27  1.10   29.5997   -95.1980   3.21      153
2019  11  12  19  18  23.46  1.00   29.6080   -95.2062   2.58      154
2019  11  12  19  22  31.87  1.40   29.6352   -95.2290   2.51      155
2019  11  12  22  11  43.75  1.20   29.6135   -95.2027   2.82      156
2019  11  12  22  11  53.20  1.50   29.6122   -95.2038   2.63      157
2019  11  12  22  12  48.14  1.10   29.6123   -95.2003   3.21      158
2019  11  12  22  22  32.67  1.40   29.6135   -95.2027   3.19      159
2019  11  12  22  28  30.04  3.30   29.6182   -95.1997   4.88      160
2019  11  12  22  48  19.08  1.30   29.6470   -95.2282   6.80      161
2019  11  12  23   2  57.73  1.30   29.6152   -95.2060   2.85      162
2019  11  12  23  22  16.74  2.10   29.6412   -95.2210   3.18      163
2019  11  13   6   4   7.46  1.90   29.6448   -95.2193   1.72      164
2019  11  13   7   9  52.05  2.40   29.5958   -95.2063   4.19      165
2019  11  13  16  38  56.17  2.00   29.6415   -95.2290   2.73      166
2019  11  13  22  19   4.08  1.10   29.6028   -95.2037   3.17      167
2019  11  13  23  31  28.60  1.30   29.6078   -95.1993   2.28      168
2019  11  14   0  26  40.73  1.80   29.6377   -95.2298   4.85      169
2019  11  14   1  13  54.32  1.70   29.6393   -95.2173   3.08      170
2019  11  14   2  32  17.17  1.80   29.6138   -95.1973   3.97      171
2019  11  14   3  26  20.44  1.40   29.5960   -95.2113   3.15      172
2019  11  14   9  42  33.87  1.30   29.6140   -95.2033   2.99      173
2019  11  14  12  48  20.59  1.20   29.6365   -95.2223   2.92      174
2019  11  14  13  18  38.61  1.80   29.6043   -95.2077   4.33      175
2019  11  14  15  41  17.74  2.90   29.6150   -95.2098   4.98      176
2019  11  14  18   3   5.62  2.29   29.6147   -95.2028   3.97      177
2019  11  14  18  23  35.55  2.10   29.6057   -95.2083   4.24      178
2019  11  14  20  10  59.97  2.00   29.6037   -95.2052   4.12      179
2019  11  14  20  25  53.60  1.50   29.6367   -95.2198   2.82      180
2019  11  14  21  49  27.01  1.00   29.5943   -95.2088   4.29      181
2019  11  14  22   3  13.07  1.30   29.6110   -95.2067   2.43      182
2019  11  14  22  10  57.35  1.80   29.6170   -95.2065   4.28      183
2019  11  14  23   7  59.64  1.40   29.6130   -95.2020   3.83      184
2019  11  14  23  31   2.37  1.20   29.6448   -95.2260   2.75      185
2019  11  14  23  50  52.69  0.80   29.5955   -95.2085   3.50      186
2019  11  15   0   9  13.04  1.00   29.6015   -95.2048   3.14      187
2019  11  15   1   9  10.02  1.10   29.6442   -95.2255   1.99      188
2019  11  15   2  17   4.40  1.00   29.5957   -95.2113   3.69      189
2019  11  15   3  57  30.61  1.40   29.6150   -95.2035   4.02      190
2019  11  15   4  36   7.67  1.10   29.5945   -95.2090   4.14      191
2019  11  15   4  41  33.93  2.10   29.6195   -95.2025   3.79      192
2019  11  15   6  50  18.26  1.50   29.6037   -95.2097   4.29      193
2019  11  15   7  37  24.84  2.40   29.5988   -95.2137   3.46      194
2019  11  15   8  47  45.81  2.40   29.6055   -95.2083   5.00      195
2019  11  15   9   1  58.33  2.00   29.6408   -95.2195   2.88      196
2019  11  15  12   9  29.85  2.10   29.5998   -95.1958   3.87      197
2019  11  15  12  17   0.95  1.90   29.6398   -95.2280   4.03      198
2019  11  15  13  55  24.74  2.60   29.6158   -95.2060   4.10      199
2019  11  15  14  57  18.09  1.60   29.6042   -95.2108   3.26      200
2019  11  15  16   3  32.44  1.60   29.6132   -95.2018   2.82      201
2019  11  15  16  23  41.35  1.30   29.6012   -95.2090   2.95      202
2019  11  15  16  30  42.01  1.80   29.6050   -95.2087   2.91      203
2019  11  15  16  43  37.73  2.10   29.6195   -95.2030   4.37      204
2019  11  15  16  48   6.19  1.50   29.6050   -95.2103   2.88      205
2019  11  15  16  55  29.86  1.50   29.6047   -95.2042   3.12      206
2019  11  15  16  58  13.24  2.40   29.6070   -95.2075   4.50      207
2019  11  15  17  22   6.26  1.70   29.6095   -95.2093   4.11      208
2019  11  15  18  17  58.03  1.80   29.6037   -95.2128   4.61      209
2019  11  15  18  40  42.33  2.20   29.6393   -95.2257   3.84      210
2019  11  15  19   1  39.58  1.90   29.5918   -95.2093   4.37      211
2019  11  15  20  43  33.15  1.30   29.6053   -95.2128   4.44      212
2019  11  15  21   9  17.75  1.80   29.6063   -95.2062   4.56      213
2019  11  15  21  21  19.23  1.40   29.6067   -95.1997   4.26      214
2019  11  15  23   4  19.32  2.20   29.6382   -95.2290   3.98      215
2019  11  15  23   9  33.13  1.60   29.6027   -95.2050   1.70      216
2019  11  15  23  35  36.64  1.40   29.6100   -95.2018   2.94      217
2019  11  15  23  59  56.94  1.20   29.5962   -95.2088   2.80      218
2019  11  16   0  20  52.78  0.90   29.6037   -95.1707   2.86      219
2019  11  16   0  34  59.06  0.80   29.6112   -95.2017   3.07      220
2019  11  16   2   3  23.10  1.30   29.6110   -95.2067   2.14      221
2019  11  16   2   8  33.36  0.80   29.5962   -95.2088   3.14      222
2019  11  16   3  18  39.25  1.20   29.6022   -95.2108   2.70      223
2019  11  16   6   2  47.44  2.40   29.5952   -95.2042   4.16      224
2019  11  16   6  10  11.33  0.80   29.5938   -95.2042   3.18      225
2019  11  16   7  24  26.25  1.20   29.6390   -95.2245   1.75      226
2019  11  16   7  51  26.68  1.40   29.6373   -95.2185   2.03      227
2019  11  16   9   9  49.79  2.29   29.6043   -95.1988   3.43      228
2019  11  16  10  55   0.77  2.10   29.6002   -95.2067   2.61      229
2019  11  16  10  55  12.65  2.10   29.6042   -95.2030   2.86      230
2019  11  16  11  49  45.24  1.10   29.6020   -95.2008   2.25      231
2019  11  16  12   0  42.88  2.00   29.6075   -95.2047   4.56      232
2019  11  16  12  38   2.22  1.10   29.6035   -95.2120   5.04      233
2019  11  16  13  20  19.13  1.30   29.5943   -95.2103   2.95      234
2019  11  16  13  37  14.27  1.60   29.6038   -95.2107   2.56      235
2019  11  16  13  40  35.89  1.60   29.6052   -95.1977   0.67      236
2019  11  16  14  14  50.96  1.30   29.6005   -95.2093   2.46      237
2019  11  16  14  38  21.37  1.60   29.6082   -95.2088   4.68      238
2019  11  16  15  34  56.37  1.30   29.6030   -95.2080   3.00      239
2019  11  16  17   7  58.33  1.50   29.6103   -95.2128   4.59      240
2019  11  16  17  11   8.97  1.60   29.6357   -95.2182   2.01      241
2019  11  16  17  32   0.97  1.60   29.6015   -95.1977   2.06      242
2019  11  16  17  54  29.30  1.50   29.6003   -95.2048   2.58      243
2019  11  16  18   5  11.38  2.20   29.6113   -95.2013   2.57      244
2019  11  16  18  29  26.72  2.20   29.6038   -95.2075   2.90      245
2019  11  16  19  28  29.17  1.30   29.5965   -95.2097   3.62      246
2019  11  16  20   8  34.67  1.60   29.6400   -95.2257   0.75      247
2019  11  16  21  12   5.81  1.20   29.6085   -95.2032   2.25      248
2019  11  16  21  53   4.69  1.00   29.6068   -95.2063   0.68      249
2019  11  16  23  31   8.64  1.80   29.6210   -95.2003   3.67      250
2019  11  16  23  39   9.91  1.30   29.6422   -95.2210   2.81      251
2019  11  16  23  45  17.24  1.50   29.6082   -95.2053   2.85      252
2019  11  17   0  34  12.47  1.40   29.6095   -95.2102   3.61      253
2019  11  17   1  46  31.11  0.60   29.5995   -95.2092   3.23      254
2019  11  17   2  58  38.38  0.80   29.6013   -95.2028   3.92      255
2019  11  17   2  59  37.19  1.00   29.6432   -95.2250   2.53      256
2019  11  17   3   6  16.42  1.20   29.6083   -95.2038   1.93      257
2019  11  17   3  28  24.36  0.90   29.6138   -95.2013   2.92      258
2019  11  17   3  40  18.59  0.80   29.6375   -95.2202   3.95      259
2019  11  17   3  51   8.45  0.90   29.6055   -95.2003   2.26      260
2019  11  17   4  32   9.50  2.90   29.6138   -95.2078   3.85      261
2019  11  17   4  57  15.87  0.80   29.6008   -95.2115   3.05      262
2019  11  17   5  24  39.59  0.90   29.5817   -95.1925   4.56      263
2019  11  17   5  36   1.85  1.40   29.6092   -95.2032   3.84      264
2019  11  17   8  19  22.90  1.80   29.5987   -95.2015   3.70      265
2019  11  17  12   3  22.59  1.50   29.6118   -95.2047   2.24      266
2019  11  17  12  40  25.55  2.29   29.6088   -95.2097   4.63      267
2019  11  17  13  11  35.99  1.00   29.6022   -95.2133   2.98      268
2019  11  17  13  43  49.33  1.60   29.6045   -95.2123   3.04      269
2019  11  17  15  35  55.44  1.50   29.6082   -95.1983   2.27      270
2019  11  17  17  18  40.82  1.70   29.6022   -95.2063   2.50      271
2019  11  17  20  32  53.82  1.90   29.6010   -95.2025   4.49      272
2019  11  17  23  18  10.74  1.20   29.6128   -95.2055   3.03      273
2019  11  17  23  26  14.07  1.30   29.6442   -95.2232   0.84      274
2019  11  18   0  47   6.60  1.60   29.6057   -95.2023   4.33      275
2019  11  18   0  49  36.25  1.50   29.6105   -95.2083   2.40      276
2019  11  18   1  52  30.01  1.30   29.6077   -95.1980   3.60      277
2019  11  18   2  27  46.94  1.50   29.6425   -95.2192   2.77      278
2019  11  18   2  38  55.11  2.20   29.6072   -95.2037   3.34      279
2019  11  18   3   5  25.82  1.60   29.6102   -95.2113   2.73      280
2019  11  18   3  24  16.38  1.40   29.6075   -95.2132   2.91      281
2019  11  18   4   5  26.97  0.90   29.6075   -95.1985   2.86      282
2019  11  18   4  13  20.49  1.80   29.6017   -95.2118   3.91      283
2019  11  18   4  18  45.90  2.29   29.6363   -95.2353   4.28      284
2019  11  18   4  54  29.65  1.40   29.6048   -95.1965   3.22      285
2019  11  18   5   0   9.86  1.50   29.6092   -95.2092   4.23      286
2019  11  18   5  23  55.66  0.80   29.6060   -95.1972   2.90      287
2019  11  18   5  50  21.17  1.50   29.5960   -95.2083   3.28      288
2019  11  18   6  26  54.87  1.10   29.5987   -95.2058   2.96      289
2019  11  18   6  30  52.05  1.00   29.6002   -95.2023   2.82      290
2019  11  18   7  38  30.54  2.90   29.6057   -95.2048   3.22      291
2019  11  18   7  43  28.77  1.30   29.6042   -95.2013   3.17      292
2019  11  18   7  49   4.87  1.70   29.6035   -95.2113   2.98      293
2019  11  18   7  57  47.99  1.30   29.5928   -95.1970   4.30      294
2019  11  18   8  19  49.86  1.30   29.6010   -95.2148   2.53      295
2019  11  18   9  26  44.77  1.20   29.6053   -95.2083   2.91      296
2019  11  18  10   0  37.85  1.60   29.6038   -95.2115   3.16      297
2019  11  18  10  23  39.75  1.60   29.6063   -95.2003   2.23      298
2019  11  18  10  44  52.26  2.50   29.6100   -95.2123   3.44      299
2019  11  18  11   7  14.39  2.10   29.6148   -95.2010   3.28      300
2019  11  18  11  11  29.01  1.60   29.6040   -95.2120   2.11      301
2019  11  18  11  15  53.68  1.80   29.6088   -95.2002   2.41      302
2019  11  18  12  55  12.26  2.00   29.6053   -95.2005   2.42      303
2019  11  18  13  10  11.75  1.40   29.6445   -95.2197   2.76      304
2019  11  18  13  16  18.61  1.10   29.6067   -95.1988   3.30      305
2019  11  18  13  20  30.64  1.70   29.6017   -95.2080   2.90      306
2019  11  18  13  25  39.39  1.00   29.6013   -95.2072   2.92      307
2019  11  18  13  51  44.32  1.80   29.6027   -95.2113   2.92      308
2019  11  18  13  53  34.93  2.50   29.6130   -95.2112   4.15      309
2019  11  18  16  54  35.09  1.40   29.6045   -95.2107   3.17      310
2019  11  18  17  32  53.64  1.30   29.6008   -95.2082   2.89      311
2019  11  18  17  33  54.85  2.00   29.6070   -95.2088   2.72      312
2019  11  18  18  43  42.19  1.30   29.5973   -95.2053   3.11      313
2019  11  18  19   5  55.21  1.50   29.5980   -95.2093   3.30      314
2019  11  18  19  16  50.19  1.30   29.6003   -95.2128   2.93      315
2019  11  18  19  45  47.50  1.20   29.6062   -95.2092   2.92      316
2019  11  18  20  36  26.61  1.30   29.6048   -95.2075   3.03      317
2019  11  18  20  38  54.21  2.29   29.6013   -95.2098   4.35      318
2019  11  18  22  24   8.10  0.80   29.5988   -95.2133   3.42      319
2019  11  18  23  23   6.64  1.30   29.6085   -95.2075   4.19      320
2019  11  18  23  32  28.47  1.20   29.6457   -95.2282   4.18      321
2019  11  19   0  32  42.12  0.90   29.6067   -95.2070   1.83      322
2019  11  19   1  24  34.82  1.60   29.6028   -95.2075   4.66      323
2019  11  19   1  38  11.43  1.70   29.6153   -95.2120   4.31      324
2019  11  19   2   5  11.01  1.30   29.5928   -95.2037   5.24      325
2019  11  19   3  13  13.70  1.30   29.6117   -95.2018   3.67      326
2019  11  19   4   2  49.20  0.70   29.6090   -95.1992   3.20      327
2019  11  19   4   6  58.74  0.90   29.6058   -95.2080   3.14      328
2019  11  19   4  37   7.93  1.40   29.6142   -95.2098   3.92      329
2019  11  19   5  38  44.83  0.90   29.6055   -95.2078   2.95      330
2019  11  19   5  47  10.08  0.70   29.5963   -95.2082   2.91      331
2019  11  19   7  53   7.91  1.60   29.6082   -95.1962   3.34      332
2019  11  19   8   2  29.31  1.60   29.6070   -95.2078   4.04      333
2019  11  19   8  13   3.82  1.80   29.6175   -95.2003   3.75      334
2019  11  19   8  45   8.90  1.80   29.6038   -95.2080   4.07      335
2019  11  19   8  56  42.67  1.80   29.6015   -95.2118   4.43      336
2019  11  19   9   2  45.45  1.70   29.6088   -95.2107   4.77      337
2019  11  19  10  31  52.66  1.30   29.6017   -95.2083   3.05      338
2019  11  19  11  15  56.93  2.20   29.6153   -95.2095   4.57      339
2019  11  19  12  26  27.27  1.90   29.6117   -95.2112   4.09      340
2019  11  19  12  49  29.20  1.30   29.5985   -95.2118   3.23      341
2019  11  19  12  53  13.26  1.50   29.6015   -95.2065   3.18      342
2019  11  19  12  55   2.58  0.90   29.6017   -95.2085   3.35      343
2019  11  19  14   9  57.08  1.70   29.6147   -95.1982   3.22      344
2019  11  19  14  47  26.37  1.40   29.6068   -95.2162   6.37      345
2019  11  19  16  35  14.36  1.60   29.6070   -95.2062   3.96      346
2019  11  19  16  49  43.56  1.70   29.6043   -95.2048   3.98      347
2019  11  19  17  18  46.37  2.00   29.6070   -95.2065   3.06      348
2019  11  19  17  33  47.36  2.90   29.6125   -95.2073   4.21      349
2019  11  19  18  22  56.50  1.60   29.6018   -95.2105   3.69      350
2019  11  19  18  41   9.96  2.29   29.6067   -95.2098   3.63      351
2019  11  19  19  16  31.53  2.50   29.6105   -95.2107   4.09      352
2019  11  19  19  25   9.34  2.29   29.5990   -95.2135   3.10      353
2019  11  19  20  20  18.55  1.70   29.6020   -95.2042   5.48      354
2019  11  19  20  38  40.61  1.00   29.5943   -95.2048   4.35      355
2019  11  19  20  55  17.92  1.10   29.5992   -95.2085   5.48      356
2019  11  19  21   2  29.12  1.10   29.6003   -95.2052   5.03      357
2019  11  19  21  11  55.03  1.20   29.5972   -95.2093   3.82      358
2019  11  19  21  48  52.26  1.10   29.6097   -95.2107   4.50      359
2019  11  19  22   0  34.26  1.00   29.6078   -95.2078   3.75      360
2019  11  19  22  36  33.73  1.20   29.6130   -95.2040   3.03      361
2019  11  19  22  38  11.46  1.20   29.6070   -95.2135   3.37      362
2019  11  19  22  49  20.72  1.20   29.6097   -95.2045   2.70      363
2019  11  19  23  25  39.56  1.30   29.6417   -95.2253   3.01      364
2019  11  19  23  30  21.52  1.20   29.5993   -95.2112   3.02      365
2019  11  19  23  38  56.90  1.40   29.6423   -95.2178   3.71      366
2019  11  20   0   6  37.48  1.40   29.5958   -95.2112   3.12      367
2019  11  20   0  29  50.67  1.30   29.5948   -95.2147   3.25      368
2019  11  20   0  40  14.83  1.30   29.5958   -95.2107   3.99      369
2019  11  20   0  43  23.06  1.50   29.6017   -95.2127   2.95      370
2019  11  20   3  21  11.43  1.30   29.6400   -95.2290   4.18      371
2019  11  20   3  27  31.33  0.80   29.5972   -95.2088   2.93      372
2019  11  20   3  30  47.74  1.20   29.5960   -95.2107   3.31      373
2019  11  20   3  52  54.30  1.50   29.6137   -95.2100   4.01      374
2019  11  20   4  50  21.11  1.90   29.6002   -95.2115   4.19      375
2019  11  20   4  55  14.95  1.60   29.6135   -95.2033   4.15      376
2019  11  20   4  59  35.53  1.70   29.6173   -95.2040   4.44      377
2019  11  20   6  54  13.19  2.40   29.5917   -95.2095   4.19      378
2019  11  20   7  21  23.27  2.40   29.6063   -95.1987   4.27      379
2019  11  20  10  36  47.45  1.70   29.5997   -95.2028   3.89      380
2019  11  20  12  25  34.46  1.30   29.5963   -95.2133   3.28      381
2019  11  20  12  42  37.86  2.00   29.6075   -95.2097   4.33      382
2019  11  20  12  52  16.63  1.50   29.6078   -95.2072   4.32      383
2019  11  20  13  43  59.24  1.40   29.5982   -95.2110   4.24      384
2019  11  20  14  17  12.00  1.70   29.6000   -95.2097   4.36      385
2019  11  20  14  40  52.17  1.50   29.5980   -95.2113   2.27      386
2019  11  20  15  47  37.17  1.90   29.6010   -95.2112   4.81      387
2019  11  20  16  26  52.61  2.50   29.6072   -95.2107   4.30      388
2019  11  20  18  11  58.72  1.70   29.5995   -95.2133   4.49      389
2019  11  20  19  20   7.25  1.70   29.6057   -95.2068   2.71      390
2019  11  20  19  53  59.99  1.30   29.6065   -95.2155   2.78      391
2019  11  20  20   7  23.82  1.60   29.6107   -95.2050   2.86      392
2019  11  20  20   9  14.38  1.50   29.6023   -95.2102   3.56      393
2019  11  20  22  26  44.49  1.90   29.6135   -95.2135   4.81      394
2019  11  20  23  26  58.32  1.00   29.5970   -95.2085   3.11      395
2019  11  20  23  27  32.63  0.80   29.6070   -95.2025   3.49      396
2019  11  20  23  28   5.59  0.70   29.6063   -95.1985   3.08      397
2019  11  20  23  41  21.95  1.10   29.5992   -95.2118   3.88      398
2019  11  20  23  54  29.49  1.10   29.6057   -95.2057   2.93      399
2019  11  21   0   5  30.90  1.80   29.6085   -95.2048   3.01      400
2019  11  21   0  21  42.87  0.60   29.5982   -95.2088   3.05      401
2019  11  21   0  23  19.84  0.60   29.6003   -95.2082   2.80      402
2019  11  21   0  42  17.58  1.80   29.6017   -95.2078   4.86      403
2019  11  21   0  59  42.28  1.00   29.6023   -95.2118   2.83      404
2019  11  21   1  10   7.90  1.40   29.6192   -95.1997   4.16      405
2019  11  21   1  29  31.04  1.10   29.6070   -95.2077   3.17      406
2019  11  21   1  37  31.13  1.50   29.6110   -95.2042   3.91      407
2019  11  21   1  53  28.99  1.10   29.5967   -95.2125   3.14      408
2019  11  21   2   0  26.22  2.00   29.6102   -95.2095   4.32      409
2019  11  21   2  51  30.70  1.70   29.6162   -95.2042   4.07      410
2019  11  21   3   3  53.52  0.80   29.6055   -95.2117   2.65      411
2019  11  21   3  25  53.32  0.80   29.6033   -95.2075   2.39      412
2019  11  21   3  29  12.48  1.30   29.5987   -95.2087   2.61      413
2019  11  21   3  32  22.24  1.10   29.5913   -95.2010   3.55      414
2019  11  21   5  14  48.87  1.70   29.6152   -95.2015   3.32      415
2019  11  21   5  44  33.49  0.80   29.6022   -95.2092   2.07      416
2019  11  21   6  13  34.36  0.70   29.5992   -95.2132   3.72      417
2019  11  21   6  41   9.40  1.10   29.5900   -95.2005   3.85      418
2019  11  21   7  19  10.38  1.20   29.6122   -95.1947   2.49      419
2019  11  21   7  34  46.87  1.00   29.6003   -95.2097   3.17      420
2019  11  21   8  35  29.34  1.30   29.6037   -95.2070   3.03      421
2019  11  21   9  28   2.31  1.20   29.6082   -95.2087   4.04      422
2019  11  21   9  30  55.00  1.10   29.6037   -95.2087   2.33      423
2019  11  21   9  41  51.13  1.30   29.6122   -95.1943   2.69      424
2019  11  21   9  46  38.22  1.10   29.6078   -95.2075   2.58      425
2019  11  21   9  59  27.38  1.30   29.6030   -95.2085   3.47      426
2019  11  21  10   2  36.74  1.40   29.6118   -95.2117   3.11      427
2019  11  21  10   8  33.58  1.70   29.6073   -95.2102   2.85      428
2019  11  21  10  59  48.31  1.40   29.6070   -95.2093   2.90      429
2019  11  21  11  16  20.35  2.29   29.6110   -95.2090   2.81      430
2019  11  21  11  53  44.74  1.40   29.6030   -95.2158   2.84      431
2019  11  21  12   6  25.89  1.10   29.6057   -95.2035   2.74      432
2019  11  21  12  17  30.38  1.40   29.6057   -95.2072   2.88      433
2019  11  21  12  25  27.61  0.80   29.5987   -95.2095   3.05      434
2019  11  21  12  43  40.70  2.00   29.6055   -95.2067   4.92      435
2019  11  21  12  46  44.16  1.70   29.6063   -95.2028   2.75      436
2019  11  21  12  59  22.70  2.40   29.6152   -95.2110   3.79      437
2019  11  21  13  41  53.27  1.80   29.6215   -95.1945   4.08      438
2019  11  21  14   2  18.54  1.20   29.5970   -95.2110   3.02      439
2019  11  21  14   5   7.59  1.20   29.6060   -95.2077   2.55      440
2019  11  21  14  48   0.88  1.30   29.6078   -95.2110   3.10      441
2019  11  21  15  18  42.89  1.00   29.6083   -95.2075   2.90      442
2019  11  21  15  22  58.52  1.60   29.6165   -95.1968   5.58      443
2019  11  21  15  25  24.34  2.10   29.6132   -95.2098   2.19      444
2019  11  21  16  57  14.79  1.50   29.6027   -95.2107   2.48      445
2019  11  21  17   6  50.91  1.70   29.6102   -95.2123   2.55      446
2019  11  21  17  27  47.04  1.50   29.6112   -95.2067   2.74      447
2019  11  21  17  30  39.69  1.60   29.6155   -95.2030   2.13      448
2019  11  21  18  37  23.15  1.40   29.6053   -95.2067   2.81      449
2019  11  21  19   6   8.01  2.00   29.6135   -95.2092   2.90      450
2019  11  21  20   7  44.92  0.90   29.6113   -95.2030   2.16      451
2019  11  21  20  10  46.70  0.50   29.6055   -95.1947   3.30      452
2019  11  21  21  13  58.15  1.50   29.6013   -95.2087   3.24      453
2019  11  21  21  56  15.70  1.30   29.6203   -95.2042   3.68      454
2019  11  21  22  31   0.29  1.20   29.6020   -95.2070   3.25      455
2019  11  21  22  57  31.36  0.20   29.5920   -95.2115   1.98      456
2019  11  21  23  24   2.12  1.70   29.6098   -95.2145   4.21      457
2019  11  21  23  36   1.74  1.00   29.6007   -95.2098   4.91      458
2019  11  21  23  52  31.98  2.40   29.6010   -95.1723   5.60      459
2019  11  22   0   3  33.83  1.90   29.6003   -95.1707   5.68      460
2019  11  22   0  11  37.50  1.20   29.6190   -95.2018   2.91      461
2019  11  22   0  34   0.51  1.60   29.6085   -95.2017   4.62      462
2019  11  22   1  47   6.22  1.30   29.6107   -95.1988   4.08      463
2019  11  22   2   7  56.69  1.10   29.5975   -95.2088   3.41      464
2019  11  22   3   7  42.68  1.40   29.6158   -95.1997   4.12      465
2019  11  22   3   8  54.03  1.60   29.6055   -95.2047   2.78      466
2019  11  22   3  25  39.53  1.70   29.6072   -95.2062   2.73      467
2019  11  22   4   4  20.27  0.90   29.5955   -95.2140   3.34      468
2019  11  22   4  10  10.16  1.30   29.6127   -95.2088   2.93      469
2019  11  22   4  45   3.49  1.30   29.6143   -95.2025   4.14      470
2019  11  22   4  46  11.90  1.30   29.6172   -95.2042   4.09      471
2019  11  22   7  46   5.12  2.29   29.6135   -95.2098   1.70      472
2019  11  22  11  50  36.98  1.30   29.5978   -95.2133   3.58      473
2019  11  22  14  24  53.16  1.50   29.6175   -95.2115   4.46      474
2019  11  22  14  26   3.32  1.30   29.6118   -95.2052   1.83      475
2019  11  22  16  48  30.22  1.80   29.6163   -95.2062   2.46      476
2019  11  22  18  53  49.96  0.90   29.6092   -95.2000   3.07      477
2019  11  22  19  28   6.35  1.40   29.6048   -95.2032   2.95      478
2019  11  22  20  42  33.46  1.40   29.5903   -95.1608   6.89      479
2019  11  22  22  37   5.73  1.70   29.6155   -95.2115   3.66      480
2019  11  22  23   9  32.11  0.90   29.5930   -95.2108   3.11      481
2019  11  23   0  27  13.50  1.10   29.5680   -95.2118   5.57      482
2019  11  23   1   0  36.31  0.90   29.5915   -95.2078   5.20      483
2019  11  23   1  31   8.53  1.10   29.6128   -95.2068   2.61      484
2019  11  23   1  48  55.67  1.70   29.5933   -95.2143   3.62      485
2019  11  23   1  49  17.78  1.50   29.5927   -95.2032   3.65      486
2019  11  23   1  59   4.15  1.50   29.5892   -95.2152   4.26      487
2019  11  23   2  43  19.87  0.60   29.6043   -95.2070   2.97      488
2019  11  23   3   9  37.09  2.29   29.6070   -95.2197   5.56      489
2019  11  23  12  42  57.64  0.60   29.6073   -95.2037   3.05      490
2019  11  23  12  43  23.27  2.00   29.6120   -95.1957   4.97      491
2019  11  23  14  39  32.85  0.90   29.5942   -95.2110   3.13      492
2019  11  23  15  21  33.83  1.70   29.6217   -95.2023   4.37      493
2019  11  23  17  10  10.73  2.20   29.6167   -95.2048   4.04      494
2019  11  23  19  53  14.54  1.10   29.6063   -95.2052   2.30      495
2019  11  23  19  54  59.38  0.90   29.6063   -95.1978   2.76      496
2019  11  23  23  22  32.14  0.90   29.6018   -95.2033   3.04      497
2019  11  23  23  25  59.18  1.20   29.6025   -95.2018   2.90      498
2019  11  23  23  47  39.59  1.20   29.6128   -95.2173   3.96      499
2019  11  24   4  25  29.35  1.30   29.6062   -95.2060   2.38      500
2019  11  24   6   7  43.68  0.90   29.6145   -95.2065   2.09      501
2019  11  24   7   6  33.78  1.60   29.6222   -95.2138   3.96      502
2019  11  24  10  26  59.69  2.20   29.6210   -95.1988   3.89      503
2019  11  24  11   7  16.85  1.20   29.6105   -95.1985   3.29      504
2019  11  24  11  11  32.34  1.20   29.6050   -95.2048   2.27      505
2019  11  24  11  56   0.98  0.80   29.5963   -95.2115   3.10      506
2019  11  24  12  38  45.87  1.90   29.6185   -95.2095   3.66      507
2019  11  24  14  25   2.57  1.50   29.6090   -95.2097   2.54      508
2019  11  24  14  38  14.60  1.10   29.6065   -95.2073   2.54      509
2019  11  24  14  44  31.47  2.20   29.6117   -95.2113   4.03      510
2019  11  24  14  47  26.39  1.90   29.6105   -95.2033   4.05      511
2019  11  24  15  12   4.32  0.70   29.5958   -95.2110   2.95      512
2019  11  24  15  29  10.76  1.50   29.6082   -95.2098   2.66      513
2019  11  24  16   3  32.10  1.00   29.6068   -95.1867   4.22      514
2019  11  24  16  57  18.80  1.50   29.6060   -95.2093   2.48      515
2019  11  24  18   3  27.16  1.80   29.6153   -95.2107   4.31      516
2019  11  24  18   3  57.86  1.40   29.6142   -95.2002   2.55      517
2019  11  24  18  27  44.77  1.90   29.6272   -95.2010   3.26      518
2019  11  24  19  25  35.51  0.70   29.6168   -95.2065   2.42      519
2019  11  24  19  36  44.54  0.90   29.5968   -95.2102   3.08      520
2019  11  24  19  45  34.16  0.70   29.6082   -95.2080   2.61      521
2019  11  24  20   0  24.20  0.60   29.5935   -95.2103   3.15      522
2019  11  24  20   5  40.40  1.30   29.6127   -95.2080   2.60      523
2019  11  24  20  28  36.86  1.20   29.6045   -95.2078   3.35      524
2019  11  24  21  39   5.67  0.90   29.6003   -95.1972   3.22      525
2019  11  24  21  43  53.89  0.90   29.6172   -95.1980   4.31      526
2019  11  24  21  45  19.35  2.10   29.6077   -95.2063   3.21      527
2019  11  24  21  48  18.16  0.80   29.6017   -95.2133   3.06      528
2019  11  24  22  10  44.50  1.30   29.6187   -95.2027   3.21      529
2019  11  24  22  12  48.21  1.50   29.6063   -95.2038   2.89      530
2019  11  24  22  25  22.39  1.50   29.6047   -95.1998   4.06      531
2019  11  24  22  43  47.43  1.10   29.6012   -95.2098   2.75      532
2019  11  24  22  59  13.43  1.40   29.6067   -95.2012   4.40      533
2019  11  24  23  48  49.57  1.30   29.6137   -95.2070   2.69      534
2019  11  25   0  38  18.00  0.60   29.5980   -95.2128   3.59      535
2019  11  25   0  38  58.56  0.70   29.6097   -95.2030   2.64      536
2019  11  25   2  17  36.78  0.90   29.6097   -95.2065   4.17      537
2019  11  25   3   6  40.86  1.30   29.6105   -95.1955   3.75      538
2019  11  25   4   2  37.76  0.70   29.6000   -95.2122   3.42      539
2019  11  25   5  11  45.89  1.20   29.6020   -95.2123   2.77      540
2019  11  25   5  51  59.04  1.20   29.6087   -95.2083   3.39      541
2019  11  25   5  57   8.73  1.40   29.6080   -95.2070   3.91      542
2019  11  25   9   6  23.01  1.60   29.5943   -95.2133   3.64      543
2019  11  25   9   7  30.52  1.50   29.6122   -95.2100   3.92      544
2019  11  25   9  24  35.45  1.80   29.5907   -95.2038   4.27      545
2019  11  25   9  49  30.82  1.80   29.6105   -95.2125   2.94      546
2019  11  25  10  16  18.74  1.40   29.6115   -95.2130   4.27      547
2019  11  25  10  58  32.55  2.00   29.6110   -95.2097   3.69      548
2019  11  25  12   9  34.46  1.70   29.6072   -95.2097   3.13      549
2019  11  25  12  23  25.58  1.70   29.6153   -95.2035   4.51      550
2019  11  25  12  39  42.39  1.50   29.6065   -95.2080   2.58      551
2019  11  25  13  43  15.57  1.10   29.5982   -95.2088   2.73      552
2019  11  25  13  45  49.09  1.20   29.6070   -95.2137   4.16      553
2019  11  25  14   1  28.05  2.10   29.6117   -95.1975   4.22      554
2019  11  25  14  44  18.97  1.40   29.6020   -95.2092   2.81      555
2019  11  25  14  50  42.86  2.80   29.6147   -95.2053   4.31      556
2019  11  25  15  28  57.70  1.10   29.5985   -95.2123   2.85      557
2019  11  25  15  43  16.57  1.20   29.5980   -95.2082   4.09      558
2019  11  25  15  53   6.64  1.90   29.6133   -95.2070   3.89      559
2019  11  25  16   4   8.05  2.20   29.6108   -95.2138   4.07      560
2019  11  25  16  22  44.07  1.80   29.5947   -95.2065   3.94      561
2019  11  25  17  10  53.26  1.20   29.6030   -95.2018   3.02      562
2019  11  25  17  25  56.18  1.40   29.6030   -95.2012   4.19      563
2019  11  25  18  30  28.11  1.50   29.6145   -95.2137   5.74      564
2019  11  25  19  17  54.32  2.10   29.6207   -95.2018   4.28      565
2019  11  25  19  34   2.18  1.50   29.6107   -95.2120   3.11      566
2019  11  25  20   0  56.58  1.60   29.6160   -95.2008   4.24      567
2019  11  25  20  10  55.32  1.10   29.5998   -95.2133   3.13      568
2019  11  25  20  17  44.93  1.40   29.6132   -95.2093   4.25      569
2019  11  25  20  50  16.09  1.00   29.6022   -95.2127   2.57      570
2019  11  25  21  22  30.08  0.80   29.6003   -95.2155   3.15      571
2019  11  25  21  55   3.64  0.80   29.6048   -95.2065   3.28      572
2019  11  25  22  38  50.93  1.20   29.6032   -95.2060   3.18      573
2019  11  25  22  47  55.13  1.30   29.6128   -95.2045   2.97      574
2019  11  25  22  54  48.15  1.20   29.6100   -95.2047   3.20      575
2019  11  25  23  11  46.75  0.60   29.6055   -95.2062   2.87      576
2019  11  25  23  42  44.67  1.60   29.6032   -95.2025   2.96      577
2019  11  25  23  53  47.99  0.90   29.6120   -95.2052   2.67      578
2019  11  26   0  10  32.10  1.00   29.6112   -95.2060   2.98      579
2019  11  26   0  22  38.62  0.80   29.5948   -95.2110   3.25      580
2019  11  26   0  28   6.78  1.70   29.6163   -95.2050   4.10      581
2019  11  26   0  49  47.38  0.60   29.5925   -95.2135   4.41      582
2019  11  26   1  13  26.81  1.10   29.6000   -95.2122   3.03      583
2019  11  26   1  15  26.84  1.70   29.6232   -95.2018   4.64      584
2019  11  26   2  17  53.92  0.90   29.6022   -95.2058   3.26      585
2019  11  26   3   5  48.74  1.10   29.6012   -95.2028   3.20      586
2019  11  26   3  26  30.58  0.80   29.6015   -95.2113   3.17      587
2019  11  26   4  20  39.77  0.40   29.5973   -95.2040   3.22      588
2019  11  26   5  53  21.31  1.40   29.6112   -95.2092   3.08      589
2019  11  26   7  28  34.09  1.50   29.5935   -95.2108   4.35      590
2019  11  26   8   0   8.50  1.40   29.5993   -95.2127   2.99      591
2019  11  26   9  27  45.54  1.20   29.6083   -95.2085   2.27      592
2019  11  26   9  45  41.64  1.30   29.6108   -95.2087   4.96      593
2019  11  26   9  51  10.15  1.20   29.6135   -95.2067   2.67      594
2019  11  26  10   3   8.41  3.40   29.6147   -95.2023   4.76      595
2019  11  26  11  21  59.52  1.20   29.6072   -95.2075   2.29      596
2019  11  26  12  12  51.19  1.90   29.6098   -95.2087   4.25      597
2019  11  26  12  35  36.63  1.40   29.6115   -95.2078   3.79      598
2019  11  26  13   9  17.31  1.60   29.6065   -95.2110   3.49      599
2019  11  26  13  12  53.04  1.70   29.6125   -95.1963   4.28      600
2019  11  26  13  29  30.74  1.80   29.6112   -95.2072   4.46      601
2019  11  26  14  25  57.88  1.30   29.6073   -95.2082   2.60      602
2019  11  26  14  26  50.24  1.30   29.6063   -95.2097   2.36      603
2019  11  26  14  30  14.85  1.20   29.6037   -95.2085   3.47      604
2019  11  26  15  11  14.16  2.10   29.6143   -95.2040   4.61      605
2019  11  26  15  46  36.61  2.10   29.6092   -95.2105   4.39      606
2019  11  26  16  37   1.67  1.40   29.6128   -95.2060   2.97      607
2019  11  26  17  39  12.43  1.10   29.6097   -95.2078   3.45      608
2019  11  26  17  49  28.28  2.00   29.6123   -95.2052   4.12      609
2019  11  26  18  26  18.71  1.60   29.6130   -95.1995   3.55      610
2019  11  26  18  39  46.19  1.60   29.5952   -95.2120   4.68      611
2019  11  26  18  45  48.76  1.30   29.6135   -95.2040   3.02      612
2019  11  26  19   6  50.03  1.00   29.6060   -95.2078   2.60      613
2019  11  26  19  31  58.78  0.90   29.5985   -95.2102   3.25      614
2019  11  26  19  38  26.37  1.20   29.5892   -95.2097   4.58      615
2019  11  26  19  45  22.24  1.30   29.6045   -95.2062   2.67      616
2019  11  26  19  52   8.67  0.90   29.6035   -95.2075   3.12      617
2019  11  26  20  29  10.90  1.20   29.6150   -95.2060   2.31      618
2019  11  26  20  51  12.90  1.00   29.6005   -95.2082   3.19      619
2019  11  26  20  57  37.46  1.20   29.6145   -95.2000   3.24      620
2019  11  26  21  23  12.59  1.60   29.6083   -95.2100   4.52      621
2019  11  26  21  26  44.98  1.00   29.5960   -95.2127   3.21      622
2019  11  26  21  40  22.93  0.90   29.6110   -95.2032   2.98      623
2019  11  26  21  56   9.95  2.10   29.6128   -95.2045   4.33      624
2019  11  26  22  50  21.21  0.90   29.6128   -95.2030   2.77      625
2019  11  26  23  37  15.02  1.20   29.5920   -95.2093   3.31      626
2019  11  27   0  14   5.97  1.00   29.6057   -95.2003   3.20      627
2019  11  27   0  54  43.05  1.60   29.6132   -95.1977   3.83      628
2019  11  27   4   5  20.39  0.70   29.6117   -95.2033   2.31      629
2019  11  27   4  41  20.61  1.10   29.6113   -95.2022   2.70      630
2019  11  27   5  14  30.94  1.40   29.6092   -95.1952   2.33      631
2019  11  27  11  39  52.90  2.10   29.6128   -95.2097   3.57      632
2019  11  28   1  47   8.35  2.20   29.5853   -95.2460   3.48      633
2019  11  28  11  35   1.81  1.60   29.6078   -95.1965   2.25      634
2019  11  28  11  41  34.12  1.60   29.6070   -95.2100   0.34      635
2019  11  28  12  15  23.11  1.70   29.6150   -95.2047   4.66      636
2019  11  28  13  18  48.84  1.20   29.6087   -95.2020   4.16      637
2019  11  28  13  32  51.35  1.70   29.6118   -95.2090   3.79      638
2019  11  28  14  24   3.50  1.70   29.6083   -95.1965   4.17      639
2019  11  28  14  45  59.58  1.80   29.6363   -95.2252   2.43      640
2019  11  28  15  23   1.21  1.50   29.6070   -95.2023   1.83      641
2019  11  28  15  25  25.38  1.90   29.6118   -95.2033   4.49      642
2019  11  28  15  54  21.66  1.80   29.6152   -95.2057   3.81      643
2019  11  28  16   3  34.36  1.70   29.6118   -95.2082   4.02      644
2019  11  28  18   4   4.04  1.80   29.6097   -95.2078   3.64      645
2019  11  28  18  21  41.20  1.70   29.6105   -95.2103   2.52      646
2019  11  28  18  52  28.76  2.10   29.6073   -95.2027   1.86      647
2019  11  28  20   7  45.44  1.40   29.5902   -95.2175   2.25      648
2019  11  28  20  11  36.79  1.60   29.6132   -95.1882   3.37      649
2019  11  28  22   1   8.75  1.40   29.6193   -95.2085   3.88      650
2019  11  28  22  10  30.53  2.20   29.6145   -95.2022   4.13      651
2019  11  28  22  43  36.04  1.10   29.6085   -95.2040   2.75      652
2019  11  29   2  43  29.01  1.60   29.6153   -95.2027   3.47      653
2019  11  29   3  55  28.19  0.80   29.6165   -95.2047   2.97      654
2019  11  29   4  16  57.89  0.90   29.6087   -95.1998   4.20      655
2019  11  29   4  43  49.03  1.10   29.6097   -95.2052   2.76      656
2019  11  29   5  22  23.51  0.80   29.5962   -95.2042   3.18      657
2019  11  29   5  55  53.61  0.30   29.5972   -95.2098   4.03      658
2019  11  29   6  37  41.27  0.80   29.6010   -95.2020   3.24      659
2019  11  29   6  39  53.60  1.60   29.6187   -95.2045   3.54      660
2019  11  29   7  42  46.55  1.50   29.6217   -95.2042   4.07      661
2019  11  29   8  21  30.52  2.29   29.6178   -95.2027   3.93      662
2019  11  29  10  15  51.90  1.90   29.6157   -95.2065   3.47      663
2019  11  29  10  25  22.23  2.10   29.6142   -95.2017   3.84      664
2019  11  29  12   4  42.37  2.50   29.6168   -95.2028   4.57      665
2019  11  29  12  36  53.73  1.50   29.6193   -95.2072   4.07      666
2019  11  29  13  11  26.33  1.60   29.6190   -95.2015   4.36      667
2019  11  29  13  53  20.12  1.70   29.6112   -95.2093   4.11      668
2019  11  29  16  52  15.87  1.60   29.6118   -95.2043   4.52      669
2019  11  29  19   4  19.65  1.60   29.6218   -95.1998   3.89      670
2019  11  29  19  16  15.54  2.50   29.6170   -95.2037   4.12      671
2019  11  29  20  57  57.26  1.60   29.6183   -95.2005   4.25      672
2019  11  29  20  58  47.84  1.60   29.6163   -95.1973   3.93      673
2019  11  29  21   5  58.63  1.30   29.6150   -95.2067   3.44      674
2019  11  29  21  18  23.25  2.10   29.6203   -95.1833   3.22      675
2019  11  29  21  23  46.81  1.60   29.5987   -95.2090   4.51      676
2019  11  29  23  51  52.93  0.70   29.6113   -95.2103   3.00      677
2019  11  30   0  13  17.32  1.50   29.6188   -95.2017   4.79      678
2019  11  30   0  37  10.66  1.40   29.6058   -95.2065   3.05      679
2019  11  30   1   2  40.97  0.80   29.6132   -95.2058   2.87      680
2019  11  30   2  50   9.78  0.80   29.6038   -95.2083   2.93      681
2019  11  30   3   0   0.86  0.90   29.6020   -95.2128   3.25      682
2019  11  30   3  29  49.34  0.90   29.5963   -95.2105   3.25      683
2019  11  30   3  54  29.17  1.00   29.5962   -95.2112   3.14      684
2019  11  30   4  21  28.50  2.00   29.6148   -95.2073   4.24      685
2019  11  30   5   3   9.65  1.00   29.5957   -95.2073   3.22      686
2019  11  30   5  19  16.79  0.70   29.5982   -95.2127   3.14      687
2019  11  30   5  24  36.84  1.00   29.6100   -95.1993   2.90      688
2019  11  30   6  51  55.29  1.50   29.6073   -95.1958   3.34      689
2019  11  30   7  58  54.07  2.00   29.6207   -95.2032   3.76      690
2019  11  30   8  55  16.01  1.10   29.6090   -95.1977   2.21      691
2019  11  30   9  31  18.91  1.60   29.5972   -95.2090   3.06      692
2019  11  30   9  34   6.51  1.50   29.5948   -95.2038   4.54      693
2019  11  30  10   8  13.36  1.40   29.6065   -95.2102   2.55      694
2019  11  30  10  13   5.64  1.40   29.6067   -95.2108   2.01      695
2019  11  30  10  24  19.19  1.60   29.5932   -95.2060   5.34      696
2019  11  30  10  42   0.54  1.40   29.6158   -95.1787   2.38      697
2019  11  30  10  55  45.18  1.20   29.6148   -95.1827   2.54      698
2019  11  30  11  49  34.42  2.00   29.6185   -95.1812   4.16      699
2019  11  30  11  57  36.49  1.10   29.6053   -95.2090   3.11      700
2019  11  30  12   4  31.37  1.50   29.6005   -95.2042   4.14      701
2019  11  30  12  16  23.35  0.90   29.6000   -95.2080   2.66      702
2019  11  30  12  33   2.39  1.40   29.6068   -95.2025   2.32      703
2019  11  30  12  33  20.57  1.60   29.6112   -95.2118   5.18      704
2019  11  30  13   9  51.49  1.90   29.6097   -95.2100   4.62      705
2019  11  30  13  34  25.02  1.60   29.6162   -95.1812   3.36      706
2019  11  30  15  25  21.03  1.80   29.6167   -95.2010   4.06      707
2019  11  30  15  36   9.99  2.70   29.6155   -95.2050   4.34      708
2019  11  30  15  40  47.16  1.20   29.6110   -95.2035   2.79      709
2019  11  30  16  31  29.41  1.60   29.6152   -95.1833   2.31      710
2019  11  30  16  39  53.30  0.90   29.5942   -95.2027   3.16      711
2019  11  30  17  29  36.43  1.20   29.6008   -95.2107   2.51      712
2019  11  30  17  35  27.84  1.40   29.6100   -95.2080   2.44      713
2019  11  30  18  35  37.52  1.10   29.6162   -95.1772   2.48      714
2019  11  30  18  55  22.34  1.20   29.5995   -95.2132   3.14      715
2019  11  30  19   4  25.72  0.90   29.6063   -95.2075   2.22      716
2019  11  30  19   5  33.64  1.70   29.6103   -95.2112   4.47      717
2019  11  30  19  15  29.10  0.90   29.6025   -95.2100   3.04      718
2019  11  30  19  30  25.01  1.40   29.6145   -95.2057   2.96      719
2019  11  30  19  34  29.12  1.40   29.6140   -95.1987   3.63      720
2019  11  30  19  53  14.48  2.40   29.6137   -95.2035   3.82      721
2019  11  30  19  54   5.12  1.90   29.6098   -95.2063   3.00      722
2019  11  30  20  10  28.69  0.90   29.6033   -95.2117   2.65      723
2019  11  30  20  52  41.01  1.50   29.6168   -95.1760   2.55      724
2019  11  30  20  56  16.07  0.90   29.5948   -95.2133   3.40      725
2019  11  30  20  56  37.01  1.30   29.5943   -95.2112   3.23      726
2019  11  30  21   7   4.75  1.10   29.5797   -95.1798   6.94      727
2019  11  30  21   7  18.04  1.40   29.5825   -95.1773   6.42      728
2019  11  30  22   6   7.57  0.80   29.5922   -95.2113   3.08      729
2019  11  30  23  44  50.19  1.00   29.6120   -95.2062   2.07      730
2019  12   1   0  23  56.86  1.50   29.6180   -95.1803   2.69      731
2019  12   1   1  10  44.22  1.30   29.6213   -95.1988   2.81      732
2019  12   1   1  33   2.70  1.60   29.6230   -95.2032   3.97      733
2019  12   1   1  55  20.45  1.40   29.6005   -95.2028   3.11      734
2019  12   1   2   0  50.28  1.00   29.6128   -95.2027   2.27      735
2019  12   1   2  57  59.05  1.70   29.6125   -95.2033   3.93      736
2019  12   1   3  53  10.73  1.00   29.5975   -95.2108   3.69      737
2019  12   1   5  29  56.14  1.10   29.6160   -95.2045   2.79      738
2019  12   1   5  52  37.79  1.20   29.6223   -95.1730   2.81      739
2019  12   1   7  34  32.10  1.20   29.6210   -95.2010   3.07      740
2019  12   1   9  11  45.25  1.70   29.6125   -95.2065   4.34      741
2019  12   1   9  17  21.49  1.40   29.6235   -95.2002   3.50      742
2019  12   1   9  32  47.61  2.29   29.6250   -95.2030   3.90      743
2019  12   1  11  15  11.90  2.20   29.6112   -95.1948   5.29      744
2019  12   1  11  28  24.12  1.60   29.6128   -95.1790   1.23      745
2019  12   1  12  15   1.43  1.20   29.6092   -95.1965   2.50      746
2019  12   1  13  35  12.18  1.40   29.6213   -95.1993   2.80      747
2019  12   1  13  44  18.68  2.10   29.6283   -95.1988   3.84      748
2019  12   1  14  27  46.59  1.80   29.6147   -95.1818   3.41      749
2019  12   1  14  39  36.65  1.80   29.6167   -95.2042   3.69      750
2019  12   1  16  41  17.78  2.20   29.6165   -95.2057   3.17      751
2019  12   1  17  25  29.61  1.70   29.6115   -95.2125   2.88      752
2019  12   1  18   0  10.02  1.80   29.6155   -95.1995   2.91      753
2019  12   1  18   8  10.48  2.20   29.6103   -95.2085   2.82      754
2019  12   1  19   3  55.92  2.29   29.6210   -95.2025   4.12      755
2019  12   1  19   7  46.14  2.00   29.6315   -95.1733   3.78      756
2019  12   1  19  35   9.43  1.60   29.6148   -95.2052   2.96      757
2019  12   1  20  11  44.33  1.60   29.6168   -95.2012   3.62      758
2019  12   1  20  56  58.12  1.90   29.6178   -95.1767   2.75      759
2019  12   1  21  33  32.74  2.20   29.6263   -95.2033   3.04      760
2019  12   1  22  26  36.63  1.00   29.6057   -95.2088   3.04      761
2019  12   1  22  27   9.37  1.40   29.6065   -95.2017   4.33      762
2019  12   2   0  46  44.45  0.90   29.6138   -95.2073   2.82      763
2019  12   2   1  42  10.11  1.00   29.6177   -95.1805   2.85      764
2019  12   2   1  50  33.38  1.70   29.6142   -95.2045   4.34      765
2019  12   2   1  52  55.26  1.40   29.6437   -95.2178   3.77      766
2019  12   2   2   8  22.98  1.50   29.6185   -95.2033   4.42      767
2019  12   2   3   5  54.30  1.10   29.5993   -95.2010   4.43      768
2019  12   2   3  15  51.25  1.80   29.6135   -95.1982   4.24      769
2019  12   2   3  20  56.91  1.10   29.6193   -95.2062   2.01      770
2019  12   2   3  34   9.95  1.70   29.6230   -95.1847   3.92      771
2019  12   2   4  15  19.34  1.30   29.6123   -95.2075   4.16      772
2019  12   2   4  51  35.03  0.80   29.5957   -95.2023   6.42      773
2019  12   2   5  37   3.01  1.60   29.6020   -95.2080   3.27      774
2019  12   2   5  41   0.17  2.10   29.6158   -95.2042   3.29      775
2019  12   2   5  44   6.14  1.30   29.6183   -95.1987   4.13      776
2019  12   2   8  52  16.18  1.80   29.5955   -95.2053   3.95      777
2019  12   2   8  53  43.10  1.40   29.6160   -95.2005   3.34      778
2019  12   2  10  13  22.82  3.20   29.6207   -95.1987   4.41      779
2019  12   2  12  43  17.72  1.80   29.6232   -95.2060   4.04      780
2019  12   2  12  56  29.96  1.70   29.6062   -95.2078   2.36      781
2019  12   2  13   3  43.44  1.90   29.6083   -95.2113   4.41      782
2019  12   2  13  23  43.94  1.80   29.6083   -95.1975   3.41      783
2019  12   2  14  14  46.28  1.70   29.6108   -95.2080   2.71      784
2019  12   2  18  14  18.67  1.60   29.6125   -95.1885   2.92      785
2019  12   2  18  33  51.08  2.50   29.6135   -95.2017   4.39      786
2019  12   2  19  51  28.10  1.20   29.6138   -95.1990   2.85      787
2019  12   2  20  58  26.44  2.00   29.6250   -95.2073   4.37      788
2019  12   2  23  34  10.38  1.90   29.6212   -95.2027   3.99      789
2019  12   3   0  25  44.93  2.20   29.6278   -95.2008   4.20      790
2019  12   3   2   6  33.04  1.00   29.5990   -95.2242   5.77      791
2019  12   3   2   8  50.47  1.80   29.6198   -95.1883   2.99      792
2019  12   3   2  35  38.76  1.30   29.6100   -95.1963   2.31      793
2019  12   3   3   8   2.95  1.00   29.6168   -95.1833   2.71      794
2019  12   3   3  10  53.46  1.70   29.6177   -95.1997   3.84      795
2019  12   3   3  43  25.33  1.60   29.6277   -95.2017   3.21      796
2019  12   3   6  33  11.26  0.80   29.6237   -95.1968   3.35      797
2019  12   3   6  37  34.15  2.90   29.6270   -95.1993   4.36      798
2019  12   3   7  55  49.32  1.40   29.6003   -95.2027   3.34      799
2019  12   3  11  21  21.46  1.30   29.5948   -95.2068   5.03      800
2019  12   3  12   0  25.06  1.90   29.6175   -95.1777   3.81      801
2019  12   3  12  24  26.73  1.70   29.6210   -95.2068   3.88      802
2019  12   3  13  46  37.22  2.29   29.6165   -95.1805   4.00      803
2019  12   3  19   7  30.58  2.29   29.6292   -95.2057   3.83      804
2019  12   3  21  54  44.53  1.40   29.6118   -95.1795   2.10      805
2019  12   3  22  13  47.51  1.80   29.6195   -95.1985   4.29      806
2019  12   4   0  18  28.38  1.60   29.6240   -95.2005   3.27      807
2019  12   4   1  43   2.30  1.40   29.6182   -95.1797   4.46      808
2019  12   4   4   8  53.92  2.40   29.6213   -95.1962   4.11      809
2019  12   4   4  26  34.54  1.20   29.6215   -95.1765   4.85      810
2019  12   4   6  19  45.32  1.80   29.6192   -95.2113   3.57      811
2019  12   4   8   2  32.92  1.80   29.6158   -95.1843   3.67      812
2019  12   4   8  49  40.48  2.29   29.6162   -95.1825   3.10      813
2019  12   4  10  18  26.47  2.70   29.6212   -95.1828   4.10      814
2019  12   4  11  17  25.46  1.20   29.6205   -95.1797   2.88      815
2019  12   4  11  18  48.13  1.30   29.6110   -95.1877   6.84      816
2019  12   4  11  24  31.33  1.40   29.6225   -95.1780   2.61      817
2019  12   4  12  17  51.89  1.30   29.6292   -95.2012   3.50      818
2019  12   4  15  46  47.31  2.60   29.6252   -95.1973   4.26      819
2019  12   4  18   4  35.63  2.20   29.6298   -95.1982   3.84      820
2019  12   4  20  31  49.04  1.10   29.6122   -95.1865   2.50      821
2019  12   4  20  32  47.12  0.90   29.6158   -95.1822   2.11      822
2019  12   4  21  45  48.81  1.40   29.6207   -95.1825   3.09      823
2019  12   4  22  43  11.65  1.30   29.5882   -95.2100   4.60      824
2019  12   4  22  54  49.46  0.80   29.6200   -95.1813   2.58      825
2019  12   4  23  43   1.76  1.00   29.6212   -95.1792   2.86      826
2019  12   5   0  22  10.73  1.20   29.5932   -95.2078   3.45      827
2019  12   5   0  29  14.96  1.10   29.6178   -95.1848   2.67      828
2019  12   5   0  44   9.18  1.50   29.6070   -95.1968   4.32      829
2019  12   5   1  37  46.70  0.80   29.6222   -95.2070   2.25      830
2019  12   5   2   2  34.69  2.10   29.6193   -95.2077   3.02      831
2019  12   5   3   0   5.22  1.00   29.6215   -95.2007   4.01      832
2019  12   5   3  19  24.39  1.40   29.5933   -95.2050   4.36      833
2019  12   5   3  22   5.14  1.30   29.6212   -95.1815   2.78      834
2019  12   5   3  56  10.81  1.40   29.6188   -95.1865   3.21      835
2019  12   5   4  48  37.71  1.40   29.6167   -95.1842   2.97      836
2019  12   5   4  58  45.32  1.00   29.6205   -95.1827   3.84      837
2019  12   5   5  57  33.33  1.00   29.5968   -95.2043   4.33      838
2019  12   5   6  39  39.41  1.40   29.6192   -95.1828   2.98      839
2019  12   5   7  34  17.84  1.30   29.6165   -95.2012   2.31      840
2019  12   5   8   6  33.61  2.50   29.6157   -95.1865   3.68      841
2019  12   5   9  16  58.58  1.30   29.5923   -95.2135   3.65      842
2019  12   5   9  43   6.53  1.40   29.5932   -95.2122   3.14      843
2019  12   5  10  13  49.74  1.40   29.6217   -95.2003   2.67      844
2019  12   5  12  22  47.65  2.50   29.6135   -95.1857   3.83      845
2019  12   5  13   7  59.87  1.50   29.6190   -95.1825   3.42      846
2019  12   5  13  41  34.71  1.90   29.6167   -95.2043   4.41      847
2019  12   5  14  39  24.47  1.60   29.6277   -95.2023   3.92      848
2019  12   5  16  40  58.38  1.30   29.6157   -95.1910   3.20      849
2019  12   5  18  29  18.66  1.30   29.5892   -95.2088   4.73      850
2019  12   5  18  29  28.99  1.40   29.5907   -95.2085   4.74      851
2019  12   5  18  57  39.15  1.10   29.5925   -95.2077   3.30      852
2019  12   5  19  50  35.89  1.00   29.5925   -95.2102   3.14      853
2019  12   5  20  35  41.75  1.20   29.5853   -95.2147   5.35      854
2019  12   5  20  53  10.22  1.10   29.6282   -95.2020   2.97      855
2019  12   5  22  41  33.87  1.70   29.6227   -95.1783   2.86      856
2019  12   5  23  21  32.27  2.40   29.6218   -95.2008   4.06      857
2019  12   5  23  45  46.67  1.60   29.6167   -95.1802   3.40      858
2019  12   6   0   7  45.54  2.10   29.6333   -95.2027   4.09      859
2019  12   6   0  34   1.10  1.20   29.6265   -95.1992   4.18      860
2019  12   6   1  19  45.74  0.80   29.5922   -95.2110   3.23      861
2019  12   6   2   0  45.20  0.70   29.5928   -95.2088   3.21      862
2019  12   6   2  12  26.89  1.20   29.6205   -95.1880   3.37      863
2019  12   6   3  15  24.98  0.70   29.6217   -95.1810   2.66      864
2019  12   6   3  28   6.81  1.20   29.6242   -95.1988   2.73      865
2019  12   6   3  43  39.41  1.10   29.5903   -95.2080   3.80      866
2019  12   6   3  49  46.36  0.90   29.5942   -95.2087   2.99      867
2019  12   6   4  49  45.31  1.20   29.6208   -95.1793   2.81      868
2019  12   6   5   4  44.89  1.10   29.5958   -95.2082   2.44      869
2019  12   6   5  39  48.01  1.00   29.6113   -95.1878   2.63      870
2019  12   6   6  44  53.74  1.00   29.6218   -95.2000   1.78      871
2019  12   6   8  21  20.09  1.50   29.5887   -95.2055   5.13      872
2019  12   6   8  38  30.82  1.40   29.6163   -95.1990   2.67      873
2019  12   6   8  44  55.74  1.80   29.6185   -95.1793   2.63      874
2019  12   6   9  20  59.88  1.50   29.5968   -95.2077   2.55      875
2019  12   6  11  11  45.48  0.80   29.5977   -95.2095   2.97      876
2019  12   6  11  36  22.46  2.00   29.6135   -95.1855   2.92      877
2019  12   6  12  13  15.55  1.10   29.5942   -95.2108   2.72      878
2019  12   6  17  13  29.97  1.30   29.6247   -95.2025   2.74      879
2019  12   6  20   9  45.62  0.90   29.5967   -95.2088   2.85      880
2019  12   6  21  44  44.17  0.80   29.6145   -95.2012   2.08      881
2019  12   6  21  58   8.93  1.00   29.5823   -95.1993   5.02      882
2019  12   6  22  40   3.88  1.50   29.6163   -95.1897   2.26      883
2019  12   6  23   5  22.86  1.40   29.6047   -95.1988   3.56      884
2019  12   6  23  17  56.18  1.10   29.6155   -95.2000   2.56      885
2019  12   6  23  46   2.10  1.50   29.6273   -95.2070   4.57      886
2019  12   7   0  17  22.71  1.30   29.5828   -95.2183   5.68      887
2019  12   7   0  26  47.18  1.80   29.6183   -95.2065   2.83      888
2019  12   7   1  14  22.94  1.30   29.6235   -95.1842   2.27      889
2019  12   7   2   3  15.50  1.50   29.6197   -95.1858   3.94      890
2019  12   7   3   0  38.40  2.00   29.6238   -95.2032   2.40      891
2019  12   7   3  12  36.98  1.40   29.6122   -95.1902   2.52      892
2019  12   7   6  40  34.44  1.90   29.6155   -95.2098   3.62      893
2019  12   7   7   8   6.07  1.70   29.6190   -95.1852   3.72      894
2019  12   7   8  25  38.77  1.60   29.5958   -95.2078   2.88      895
2019  12   7   9  10  58.97  2.00   29.5933   -95.2072   3.13      896
2019  12   7   9  26   7.97  2.20   29.5898   -95.2045   4.29      897
2019  12   7   9  32  12.69  2.00   29.6072   -95.1880   3.88      898
2019  12   7  10  51   9.11  1.70   29.5983   -95.2075   2.93      899
2019  12   7  11  45  43.51  1.70   29.5947   -95.2037   3.00      900
2019  12   7  12  14  34.09  1.90   29.6313   -95.2240   4.42      901
2019  12   7  16   3  23.26  1.30   29.5900   -95.2085   2.86      902
2019  12   7  17  48  55.47  1.80   29.6212   -95.2023   2.00      903
2019  12   7  20  41  58.23  1.60   29.6197   -95.1847   3.15      904
2019  12   7  20  52   0.70  1.60   29.6432   -95.2248   2.69      905
2019  12   7  23   8  51.97  1.10   29.6167   -95.1820   2.74      906
2019  12   7  23  28  46.20  1.20   29.6233   -95.2038   2.45      907
2019  12   7  23  37  11.93  1.80   29.6278   -95.1978   4.36      908
2019  12   7  23  44   0.82  1.40   29.6290   -95.1973   2.98      909
2019  12   7  23  53  27.30  1.60   29.6193   -95.1970   3.68      910
2019  12   7  23  54  30.65  1.50   29.6172   -95.2003   4.08      911
2019  12   8   0  19  16.33  1.20   29.6150   -95.1993   3.32      912
2019  12   8   0  29  25.62  1.10   29.5938   -95.1970   3.51      913
2019  12   8   0  50   0.64  0.80   29.6162   -95.1997   2.93      914
2019  12   8   0  55   2.95  0.90   29.6202   -95.1830   2.94      915
2019  12   8   0  59  22.20  1.10   29.5908   -95.2125   4.39      916
2019  12   8   1   4  38.32  1.50   29.6112   -95.1967   3.10      917
2019  12   8   1  16   2.08  1.20   29.5865   -95.2080   4.90      918
2019  12   8   1  33   6.67  0.50   29.6140   -95.2008   2.34      919
2019  12   8   2  10  25.63  0.50   29.5932   -95.2083   4.14      920
2019  12   8   2  28  50.84  0.60   29.6217   -95.2025   2.89      921
2019  12   8   3  10  16.69  0.50   29.5988   -95.2100   3.27      922
2019  12   8   3  17   9.77  0.50   29.6388   -95.2232   2.26      923
2019  12   8   3  22  41.80  2.20   29.6122   -95.1860   3.65      924
2019  12   8   3  38  48.37  0.70   29.6183   -95.2055   2.05      925
2019  12   8   3  53  30.58  1.30   29.6187   -95.1862   3.04      926
2019  12   8   3  56  12.32  0.80   29.6260   -95.1962   2.37      927
2019  12   8   3  57  58.38  0.80   29.6253   -95.2010   3.07      928
2019  12   8   5  32  57.72  1.00   29.5915   -95.2095   4.15      929
2019  12   8   5  53  23.44  0.60   29.6103   -95.1965   2.02      930
2019  12   8   5  56  51.68  1.30   29.6343   -95.1762   4.36      931
2019  12   8   7  15  58.14  1.90   29.6260   -95.2035   3.10      932
2019  12   8   7  34  53.74  1.30   29.6298   -95.1990   2.70      933
2019  12   8   8  47  54.11  1.70   29.6100   -95.1797   4.08      934
2019  12   8  10  19  24.70  1.60   29.6092   -95.1638   4.29      935
2019  12   8  12  15  23.81  1.50   29.6207   -95.2003   3.94      936
2019  12   8  12  23  14.67  1.90   29.6310   -95.2000   3.64      937
2019  12   8  13  36  31.88  1.30   29.6175   -95.2025   2.74      938
2019  12   8  14  17  41.88  1.50   29.5930   -95.2133   3.24      939
2019  12   8  14  25  19.93  1.60   29.6193   -95.2010   2.86      940
2019  12   8  14  34  53.81  1.30   29.6155   -95.2003   2.37      941
2019  12   8  14  39  13.89  1.70   29.6132   -95.1862   5.17      942
2019  12   8  14  43  38.28  1.40   29.6248   -95.1988   2.70      943
2019  12   8  15   6  34.03  2.00   29.6335   -95.2227   4.24      944
2019  12   8  15  57  17.33  1.70   29.5918   -95.2092   3.53      945
2019  12   8  16   6  32.95  1.60   29.5942   -95.2080   3.17      946
2019  12   8  16  26  59.70  1.30   29.5933   -95.2085   3.24      947
2019  12   8  16  34  36.33  1.40   29.5923   -95.2073   4.37      948
2019  12   8  17  18  53.10  1.20   29.5937   -95.2023   6.76      949
2019  12   8  17  23  16.14  2.60   29.5902   -95.2077   4.36      950
2019  12   8  18  17  23.04  1.20   29.6243   -95.2017   2.20      951
2019  12   8  18  20  24.68  1.30   29.5940   -95.2083   3.14      952
2019  12   8  18  56  52.15  1.10   29.5950   -95.2120   3.43      953
2019  12   8  19   8  54.49  1.80   29.6152   -95.1850   4.47      954
2019  12   8  19  11  47.37  2.29   29.6115   -95.2345   4.52      955
2019  12   8  19  17  57.56  0.80   29.6122   -95.2297   3.20      956
2019  12   8  19  25  47.51  1.20   29.6197   -95.2038   2.53      957
2019  12   8  19  42  34.05  1.10   29.5953   -95.2092   3.25      958
2019  12   8  19  47  17.97  0.90   29.6255   -95.2013   2.72      959
2019  12   8  20   4  25.45  2.00   29.6263   -95.1993   4.18      960
2019  12   8  21  32  53.65  1.00   29.5927   -95.2130   3.59      961
2019  12   8  21  57  58.19  1.60   29.6218   -95.1815   4.23      962
2019  12   8  22   2  37.10  1.40   29.6318   -95.1995   3.26      963
2019  12   8  22   4   6.57  1.80   29.6325   -95.1990   3.36      964
2019  12   9   0  10  19.47  1.30   29.5997   -95.1748   4.90      965
2019  12   9   1  17  36.69  1.80   29.6245   -95.2000   2.32      966
2019  12   9   2   1  31.64  1.70   29.6112   -95.1893   4.22      967
2019  12   9   2  43  48.49  1.70   29.6195   -95.1993   3.20      968
2019  12   9   3   6  55.16  1.10   29.6332   -95.1978   2.80      969
2019  12   9   7   3  37.90  1.50   29.6207   -95.1950   3.36      970
2019  12   9   7  46  35.87  1.40   29.6178   -95.2015   2.66      971
2019  12   9   8  50  36.48  1.50   29.6318   -95.1945   2.78      972
2019  12   9   8  50  53.90  2.00   29.6202   -95.1785   2.34      973
2019  12   9  11  12  15.91  1.70   29.6207   -95.2043   2.28      974
2019  12   9  16  30  27.39  2.00   29.6365   -95.1978   2.98      975
2019  12   9  16  43  48.90  1.40   29.5907   -95.2102   4.38      976
2019  12   9  16  52   7.43  1.30   29.5943   -95.2080   3.01      977
2019  12   9  17  29  23.44  1.00   29.5925   -95.2107   4.17      978
2019  12   9  20   4  26.62  1.60   29.6250   -95.1992   3.94      979
2019  12   9  20   6  16.28  1.40   29.6212   -95.1982   2.45      980
2019  12   9  20  41  33.24  1.10   29.5913   -95.2102   3.60      981
2019  12   9  20  43  33.18  1.30   29.6238   -95.1992   2.44      982
2019  12   9  20  45  41.57  1.00   29.6232   -95.2007   2.58      983
2019  12   9  20  46  32.39  2.10   29.6278   -95.1975   4.17      984
2019  12   9  21  39   6.82  1.30   29.6258   -95.1975   2.76      985
2019  12   9  22  14  50.15  2.00   29.6217   -95.1982   3.94      986
2019  12   9  22  20  12.31  1.50   29.6220   -95.1965   4.19      987
2019  12   9  22  21   1.24  1.30   29.6225   -95.1947   4.12      988
2019  12   9  22  45  49.50  2.10   29.6345   -95.1980   4.12      989
2019  12   9  23  21  50.43  1.10   29.5895   -95.2113   3.69      990
